# freqs(eV) eps1 eps2
2.231713588424924163e-02 1.360782100000000128e+01 2.213400000000000090e-01
2.355698618949447071e-02 1.388915999999999862e+01 2.757979999999999876e-01
2.479683748661994092e-02 1.419703999999999944e+01 2.110080000000000011e-01
2.603670539765633868e-02 1.454634000000000071e+01 1.220480000000000037e-01
2.727654851183044724e-02 1.493774100000000082e+01 1.700599999999999890e-01
2.851633744490923369e-02 1.537247699999999817e+01 3.293639999999999901e-01
2.975618117899898885e-02 1.586803100000000022e+01 5.179200000000000470e-01
3.099604685827492961e-02 1.644021599999999950e+01 4.298299999999999343e-01
3.223592096852689187e-02 1.710497499999999960e+01 3.226080000000000059e-01
3.347576408270100390e-02 1.785677199999999942e+01 4.056960000000000011e-01
3.471555859504447950e-02 1.845827999999999847e+01 6.617379999999999374e-01
3.595537120915346524e-02 1.925557700000000239e+01 7.724640000000000395e-01
3.719529342522333998e-02 2.057193199999999678e+01 5.261759999999999771e-01
3.843505582569950452e-02 2.225007999999999697e+01 2.830199999999999730e-02
3.967493997859190824e-02 2.446978400000000065e+01 -5.441700000000000426e-01
4.091482276774566912e-02 2.717531999999999925e+01 7.298200000000000520e-02
4.215457314176613429e-02 3.066060800000000341e+01 1.041144000000000069e+00
4.339450899609389317e-02 3.550028400000000062e+01 1.740319999999999867e+00
4.463427176849848327e-02 4.361159100000000421e+01 4.622800000000000242e-01
4.587419522444211722e-02 5.910749600000000470e+01 -1.768469999999999986e+00
4.711397237898894141e-02 1.000395090000000096e+02 4.922460000000000058e+00
4.835388145279034128e-02 1.528984800000000064e+02 1.553155020000000093e+02
4.959367497323988183e-02 -1.004010989999999879e+02 1.476486200000000224e+02
5.083360834806591178e-02 -8.278756500000001495e+01 3.753693200000000019e+01
5.207341079531267736e-02 -5.341178300000000689e+01 1.639545599999999936e+01
5.331323258417242777e-02 -3.772824000000000666e+01 7.954687999999999981e+00
5.455297700699146546e-02 -2.498551199999999994e+01 3.537765999999999966e+00
5.579294013783500650e-02 -1.698284499999999753e+01 1.832387999999999906e+00
5.703280606515435947e-02 -1.274040799999999862e+01 1.150506000000000029e+00
5.827255643904558080e-02 -9.998455999999999122e+00 8.672100000000000364e-01
5.951250518789615723e-02 -7.874491000000000795e+00 8.261399999999999855e-01
6.075214248836238035e-02 -4.887999999999999012e+00 5.980499999999999705e-01
6.199209371654985923e-02 -2.309748999999999608e+00 3.842999999999999750e-01
6.323207470144519282e-02 -3.083200000000000385e-01 3.880080000000000195e-01
6.447167431053295317e-02 1.589940000000000131e+00 7.995680000000000565e-01
6.571170476475904354e-02 3.763487999999999722e+00 1.609384000000000148e+00
6.695152816540200780e-02 6.647594999999999921e+00 1.975347999999999882e+00
6.819137127957612676e-02 1.110986700000000127e+01 1.960755999999999943e+00
6.943131159768367588e-02 1.896903699999999660e+01 1.936283999999999894e+00
7.067082429397095189e-02 3.516470400000000041e+01 2.117339000000000127e+01
7.191074241830693048e-02 -5.418587999999996185e+00 5.812921599999999245e+01
7.315046576422468139e-02 -2.905127499999999685e+01 2.347438799999999759e+01
7.439036367913247350e-02 -2.277728099999999500e+01 1.065151999999999965e+01
7.563055097362335333e-02 -1.824773199999999562e+01 6.344975999999999061e+00
7.687034994922171960e-02 -1.386660000000000004e+01 3.383401999999999799e+00
7.811011619296900910e-02 -1.052436299999999925e+01 2.224684000000000328e+00
7.934987995718381648e-02 -8.482582999999999984e+00 1.762656000000000001e+00
8.058980242131723315e-02 -7.625519999999998966e+00 1.576767999999999725e+00
8.182964553549133824e-02 -6.912879999999999470e+00 1.315217999999999998e+00
8.306925605551590541e-02 -6.118708000000000702e+00 1.012656000000000001e+00
8.430914628353226858e-02 -5.215876000000000623e+00 7.694400000000000128e-01
8.554881557262895841e-02 -4.476141000000000147e+00 6.362999999999999767e-01
8.678901799218778634e-02 -3.979264000000000134e+00 5.759999999999999565e-01
8.802881709190933657e-02 -3.597722999999999782e+00 5.363639999999999519e-01
8.926854353699696654e-02 -3.253985000000000127e+00 4.920480000000000409e-01
9.050865594520586532e-02 -2.846222999999999725e+00 4.365359999999999796e-01
9.174839044888423445e-02 -2.487840000000000273e+00 3.860080000000000178e-01
9.298837304575739704e-02 -2.193067000000000100e+00 3.655559999999999921e-01
9.422794475797788283e-02 -1.975296000000000163e+00 3.527500000000000080e-01
9.546791979140656359e-02 -1.775115000000000220e+00 3.291479999999999961e-01
9.670776290558068256e-02 -1.554048000000000096e+00 2.904640000000000000e-01
9.794772355714059797e-02 -1.332603999999999900e+00 2.644799999999999929e-01
9.918734994647976366e-02 -1.144551000000000096e+00 2.474800000000000333e-01
1.004270210948749048e-01 -9.974809999999997290e-01 2.251199999999999868e-01
1.016672166961318236e-01 -8.503680000000000128e-01 1.930240000000000011e-01
1.029068138253844689e-01 -6.913529999999999953e-01 1.607039999999999857e-01
1.041463841753744041e-01 -5.253360000000000252e-01 1.388899999999999857e-01
1.053866120114407695e-01 -3.725519999999999943e-01 1.275139999999999885e-01
1.066264651683448555e-01 -2.356249999999999734e-01 1.242479999999999973e-01
1.078658008170133992e-01 -1.118530000000000080e-01 1.311959999999999793e-01
1.091064340817168160e-01 -1.575000000000006950e-03 1.378080000000000138e-01
1.103454854335170071e-01 1.026749999999999885e-01 1.368999999999999939e-01
1.115858802756700130e-01 2.046000000000000041e-01 1.377499999999999836e-01
1.128257233898441181e-01 2.917870000000000741e-01 1.362840000000000162e-01
1.140650874301719631e-01 3.862800000000000122e-01 1.375580000000000136e-01
1.153051674770984997e-01 4.671999999999999487e-01 1.494719999999999938e-01
1.165451128780911616e-01 5.375999999999999668e-01 1.479999999999999927e-01
1.177851547391768200e-01 6.093319999999999848e-01 1.446240000000000026e-01
1.190244390575707356e-01 6.781880000000000130e-01 1.424159999999999870e-01
1.202644092548472848e-01 7.500109999999999832e-01 1.444200000000000206e-01
1.215042849767247607e-01 8.123010000000000508e-01 1.484200000000000241e-01
1.227444683032370143e-01 8.734439999999998872e-01 1.500799999999999912e-01
1.239841874330997185e-01 9.206449999999999356e-01 1.579319999999999891e-01
1.252239040835266271e-01 9.706679999999999753e-01 1.462239999999999929e-01
1.264641494028903856e-01 1.022420000000000107e+00 1.541279999999999872e-01
1.277042111025160076e-01 1.074620999999999826e+00 1.454600000000000060e-01
1.289433486210659063e-01 1.126320000000000210e+00 1.617280000000000106e-01
1.301835269882817003e-01 1.150440999999999825e+00 1.547999999999999932e-01
1.314227129882337419e-01 1.190552999999999750e+00 1.399040000000000006e-01
1.326630009556161172e-01 1.235047999999999924e+00 1.357859999999999900e-01
1.339023332574813541e-01 1.285199999999999898e+00 1.248500000000000026e-01
1.351429399879006676e-01 1.321437000000000195e+00 1.335159999999999958e-01
1.363827425591522535e-01 1.360974999999999824e+00 1.331519999999999926e-01
1.376225856733263586e-01 1.401415999999999995e+00 1.256099999999999994e-01
1.388618455671658813e-01 1.430105000000000182e+00 1.244880000000000014e-01
1.401014593123979801e-01 1.468869000000000202e+00 1.213000000000000189e-01
1.413424542380780635e-01 1.508040000000000047e+00 1.204420000000000074e-01
1.425810313523922235e-01 1.542345000000000299e+00 1.292719999999999980e-01
1.438214848366138610e-01 1.557192000000000132e+00 1.323940000000000117e-01
1.450616443583710169e-01 1.575134999999999952e+00 1.230880000000000030e-01
1.463009315284493628e-01 1.608596999999999611e+00 1.065959999999999963e-01
1.475405043590686249e-01 1.654768999999999712e+00 1.029599999999999960e-01
1.487816200461998528e-01 1.680359999999999854e+00 1.115419999999999884e-01
1.500201917031879773e-01 1.701088999999999851e+00 1.148399999999999838e-01
1.512611019472467067e-01 1.719580000000000108e+00 1.102080000000000143e-01
1.525001997922531272e-01 1.748884999999999801e+00 1.005479999999999985e-01
1.537406998984434392e-01 1.778112000000000137e+00 1.013840000000000019e-01
1.549802342913746411e-01 1.799595000000000278e+00 9.930800000000000738e-02
1.562202323859380182e-01 1.823975999999999820e+00 9.457000000000000128e-02
1.574602329605025719e-01 1.848444000000000420e+00 9.248000000000000664e-02
1.586997599143676330e-01 1.875675000000000203e+00 9.590000000000001301e-02
1.599403854965875671e-01 1.897587999999999830e+00 9.921599999999998476e-02
1.611796048426344663e-01 1.917000000000000037e+00 9.695000000000000839e-02
1.624190256669195420e-01 1.936438999999999799e+00 9.743999999999999884e-02
1.636582109257104234e-01 1.955975999999999937e+00 9.793000000000001704e-02
1.648989033264612880e-01 1.972729000000000177e+00 1.011599999999999999e-01
1.661385121110318108e-01 1.992518999999999707e+00 9.883999999999999730e-02
1.673788204135050195e-01 2.009567999999999799e+00 9.642399999999999582e-02
1.686194391778750024e-01 2.026686999999999905e+00 9.398399999999999810e-02
1.698576403670211121e-01 2.043743999999999783e+00 9.724000000000000699e-02
1.710976311452579168e-01 2.058069000000000148e+00 9.758000000000001395e-02
1.723390890343605986e-01 2.075325000000000308e+00 9.798800000000000565e-02
1.735768209454139344e-01 2.089827000000000101e+00 9.543600000000000694e-02
1.753120491969963057e-01 2.104376999999999942e+00 9.286400000000000210e-02
1.760563841828659826e-01 2.118911999999999907e+00 9.318400000000000294e-02
1.778571043366801163e-01 2.133432000000000439e+00 9.642600000000001170e-02
1.786155349541874993e-01 2.145069000000000337e+00 9.962000000000001410e-02
1.797758133473011388e-01 2.159810999999999925e+00 9.702000000000000901e-02
1.810173118904117306e-01 2.171714999999999840e+00 9.138799999999999701e-02
1.822573205243502026e-01 2.186417000000000055e+00 9.465600000000000402e-02
1.834954230302801859e-01 2.198328000000000060e+00 9.194599999999999995e-02
1.847366979066956405e-01 2.210145000000000248e+00 9.516800000000000259e-02
1.859753512728932190e-01 2.225102999999999831e+00 9.250400000000000289e-02
1.872165910654582377e-01 2.237115999999999882e+00 8.975999999999999257e-02
1.884573217910284482e-01 2.249159000000000130e+00 8.700000000000000788e-02
1.896971915621409599e-01 2.258108999999999700e+00 9.017999999999999627e-02
1.909358395828131272e-01 2.270087999999999440e+00 9.343399999999998928e-02
1.921758748730542921e-01 2.279138999999999804e+00 9.361999999999999489e-02
1.934140171803187258e-01 2.288268999999999664e+00 9.077999999999998570e-02
1.946559918251322130e-01 2.300447999999999826e+00 8.798599999999999477e-02
1.958954471142811959e-01 2.309559000000000140e+00 8.816000000000000225e-02
1.971351142942771306e-01 2.318628999999999607e+00 9.137999999999998901e-02
1.983746998929595273e-01 2.327714999999999979e+00 9.461200000000000165e-02
1.996139030028009353e-01 2.336940999999999491e+00 9.173999999999998822e-02
2.008556691179038955e-01 2.346183000000000352e+00 8.885600000000000442e-02
2.020932150498772895e-01 2.355440999999999896e+00 8.595999999999999475e-02
2.033327660605807330e-01 2.364603000000000232e+00 8.920400000000000551e-02
2.045741138387283664e-01 2.370759000000000061e+00 8.932000000000001050e-02
2.058136276507689377e-01 2.380008000000000123e+00 8.949400000000000410e-02
2.070544212309614329e-01 2.389332000000000011e+00 8.657600000000000018e-02
2.082927683507488081e-01 2.398671999999999471e+00 8.364599999999999813e-02
2.095318519453452655e-01 2.404816999999999982e+00 8.685600000000000265e-02
2.107714324648098103e-01 2.414132000000000389e+00 8.702400000000000413e-02
2.120112644204851515e-01 2.420352000000000281e+00 8.713600000000000512e-02
2.132510963761604927e-01 2.426635000000000097e+00 8.413199999999999845e-02
2.144943816637539524e-01 2.436045000000000016e+00 8.117199999999999416e-02
2.157334785075946393e-01 2.442292999999999825e+00 8.127599999999998714e-02
2.169717855784605576e-01 2.451626999999999779e+00 8.456400000000000028e-02
2.182128681634336320e-01 2.457840000000000469e+00 8.780800000000001104e-02
2.194526920599318698e-01 2.464170999999999889e+00 8.478000000000000813e-02
2.206909708670340142e-01 2.473653000000000102e+00 8.179599999999999371e-02
2.219313848013097779e-01 2.479999999999999982e+00 7.875000000000000056e-02
2.231697520215633057e-01 2.486253000000000046e+00 8.200399999999999356e-02
2.244098308260777941e-01 2.492511999999999617e+00 8.526599999999999457e-02
2.256514467796882362e-01 2.498831999999999720e+00 8.537399999999999156e-02
2.268902688866313577e-01 2.505212999999999912e+00 8.231600000000000028e-02
2.281259773557925974e-01 2.511600000000000055e+00 7.925000000000000100e-02
2.293709761222105792e-01 2.517892999999999937e+00 8.252400000000000013e-02
2.306124796478986050e-01 2.524191999999999769e+00 8.580599999999999339e-02
2.318501522797137282e-01 2.530551999999999691e+00 8.591400000000000425e-02
2.330924168244622452e-01 2.536919999999999842e+00 8.602200000000000124e-02
2.343303485789070273e-01 2.540160000000000196e+00 8.288800000000000334e-02
2.355680715783168011e-01 2.546486999999999945e+00 8.618399999999999672e-02
2.368098927211775562e-01 2.549624999999999808e+00 8.943199999999999761e-02
2.380511633989971787e-01 2.552763000000000559e+00 9.268400000000001637e-02
2.392731872418312755e-01 2.556017000000000206e+00 8.954399999999999860e-02
2.405311516569660357e-01 2.562471999999999639e+00 8.645400000000000307e-02
2.420053627285675413e-01 2.565675000000000150e+00 8.650800000000000156e-02
2.430109514564870732e-01 2.568879999999999608e+00 8.656200000000000006e-02
2.442508765254815806e-01 2.572032000000000540e+00 8.982400000000000106e-02
2.454889366064740286e-01 2.578452000000000410e+00 8.993600000000000205e-02
2.467297913138041254e-01 2.581719999999999793e+00 8.677799999999999403e-02
2.479683748661994369e-01 2.584988000000000508e+00 8.361599999999999588e-02
2.492094378667759624e-01 2.588151999999999564e+00 8.688600000000000489e-02
2.504478081670532541e-01 2.591371000000000091e+00 8.694000000000000339e-02
2.516883283593506215e-01 2.594591999999999565e+00 8.699400000000000188e-02
2.529257189577717724e-01 2.601093000000000099e+00 8.387599999999999223e-02
2.541701259391138112e-01 2.604371000000000436e+00 8.070000000000000784e-02
2.554057915151197178e-01 2.607600000000000140e+00 8.075000000000000233e-02
2.566482175849214564e-01 2.610831000000000568e+00 8.080000000000001070e-02
2.578866972421318127e-01 2.617248000000000463e+00 8.413600000000000245e-02
2.591263557445601662e-01 2.620535999999999976e+00 8.095000000000000806e-02
2.603670539765634007e-01 2.623824000000000378e+00 7.776000000000000967e-02
2.616086498704444097e-01 2.627064999999999984e+00 7.780800000000000216e-02
2.628454259764674839e-01 2.630259000000000569e+00 8.110000000000000542e-02
2.640883263037823170e-01 2.633504000000000289e+00 8.114999999999999991e-02
2.653260019112322343e-01 2.636751000000000289e+00 8.120000000000000828e-02
2.665638704702005812e-01 2.640048999999999868e+00 7.799999999999999989e-02
2.678075588238718607e-01 2.643391999999999520e+00 7.154399999999999649e-02
2.690453907798965316e-01 2.646600000000000286e+00 7.484200000000000574e-02
2.702829338879920162e-01 2.649807999999999719e+00 7.814399999999999125e-02
2.715259678356176098e-01 2.653064999999999785e+00 7.819199999999999762e-02
2.727624847279720988e-01 2.656371000000000038e+00 7.497999999999999110e-02
2.740042596147975185e-01 2.659720000000000084e+00 6.850200000000000733e-02
2.752451713466527172e-01 2.662939999999999419e+00 7.180799999999999683e-02
2.764850421093586474e-01 2.666160000000000085e+00 7.511800000000000421e-02
2.777236911343317627e-01 2.669426999999999772e+00 7.516399999999999471e-02
2.789672113965883105e-01 2.672740999999999811e+00 7.193999999999999007e-02
2.802029186247959602e-01 2.676054999999999851e+00 6.871199999999999530e-02
2.814432329991140014e-01 2.679327999999999932e+00 6.875400000000000955e-02
2.826816858939801835e-01 2.682602999999999849e+00 6.879599999999999604e-02
2.839245842106341566e-01 2.689115999999999396e+00 7.215999999999998804e-02
2.851653420881818390e-01 2.692396999999999707e+00 7.220399999999999041e-02
2.864037593742197463e-01 2.695722999999999647e+00 6.896399999999999753e-02
2.876463063663775577e-01 2.699008000000000074e+00 6.900600000000001177e-02
2.888862189130427804e-01 2.698964999999999836e+00 7.229199999999999515e-02
2.901232887167420338e-01 2.702207000000000026e+00 7.562399999999999678e-02
2.913641516064665593e-01 2.705496000000000123e+00 7.567000000000000115e-02
2.926018630568987255e-01 2.708831999999999685e+00 7.242399999999998839e-02
2.938431706714217939e-01 2.708831999999999685e+00 7.242399999999998839e-02
2.950810087181372499e-01 2.708831999999999685e+00 7.242399999999998839e-02
2.963222375973320610e-01 2.712124999999999897e+00 7.246799999999999076e-02
2.975596693620844446e-01 2.712080000000000268e+00 7.576199999999999601e-02
2.988002781922680651e-01 2.715462999999999738e+00 6.921599999999999975e-02
3.000440139226071001e-01 2.718760000000000066e+00 6.925800000000000012e-02
3.012835036768558572e-01 2.722099999999999742e+00 6.600000000000000311e-02
3.025185131590369947e-01 2.725360000000000227e+00 6.934200000000000086e-02
3.037636893206088762e-01 2.725316999999999990e+00 7.264400000000000024e-02
3.050041511269365180e-01 2.725360000000000227e+00 6.934200000000000086e-02
3.062396567531979197e-01 2.728703999999999574e+00 6.607999999999999985e-02
3.074775870671817568e-01 2.732048000000000254e+00 6.281399999999999484e-02
3.087178791192941585e-01 2.732048000000000254e+00 6.281399999999999484e-02
3.099604685827492823e-01 2.735315999999999637e+00 6.615999999999999659e-02
3.111974785600253868e-01 2.738625000000000309e+00 6.620000000000000884e-02
3.124365280676856815e-01 2.741975000000000051e+00 6.292799999999999783e-02
3.136775475208716246e-01 2.745325000000000237e+00 5.965199999999999669e-02
3.149204659210051438e-01 2.748639999999999528e+00 5.968799999999999106e-02
3.161571486972146738e-01 2.751920000000000144e+00 6.304200000000000081e-02
3.173954571668835545e-01 2.751881000000000022e+00 6.636000000000000232e-02
3.186353150345653251e-01 2.755199999999999871e+00 6.640000000000000069e-02
3.198766445642407530e-01 2.755238999999999994e+00 6.307999999999999718e-02
3.211193665710947998e-01 2.758560000000000123e+00 6.311799999999999355e-02
3.223550190658304726e-01 2.758560000000000123e+00 6.311799999999999355e-02
3.236002177613919728e-01 2.758560000000000123e+00 6.311799999999999355e-02
3.248550737124658028e-01 2.761883000000000088e+00 6.315599999999998992e-02
3.260768151726579078e-01 2.765245000000000175e+00 5.986799999999999761e-02
3.273164218514208468e-01 2.768606999999999818e+00 5.657600000000000129e-02
3.285567824705843409e-01 2.771901000000000170e+00 5.993999999999999329e-02
3.297978066529225760e-01 2.771864000000000328e+00 6.326999999999999291e-02
3.310394025394486905e-01 2.771864000000000328e+00 6.326999999999999291e-02
3.322814767858379148e-01 2.775231999999999921e+00 5.997599999999999459e-02
3.335149628328170079e-01 2.778599999999999959e+00 5.667800000000000615e-02
3.347576408270100390e-01 2.778599999999999959e+00 5.667800000000000615e-02
3.360005079487797253e-01 2.781899999999999817e+00 6.004799999999999027e-02
3.372342919436956965e-01 2.785236999999999963e+00 6.008399999999999852e-02
3.384771701695323820e-01 2.785271999999999970e+00 5.674600000000000477e-02
3.397199348780680639e-01 2.788610999999999951e+00 5.678000000000000408e-02
3.409531059099650818e-01 2.788610999999999951e+00 5.678000000000000408e-02
3.421952622905158337e-01 2.791952000000000211e+00 5.681400000000000339e-02
3.434369890947611137e-01 2.795259999999999856e+00 6.019199999999999551e-02
3.446781780687211971e-01 2.798605000000000231e+00 6.022799999999999682e-02
3.459187194718478797e-01 2.798640000000000239e+00 5.688200000000000894e-02
3.471585020806958188e-01 2.801987000000000005e+00 5.691600000000000131e-02
3.483974131933001428e-01 2.801987000000000005e+00 5.691600000000000131e-02
3.496353386342734848e-01 2.805301000000000045e+00 6.029999999999999943e-02
3.508721627606399274e-01 2.805301000000000045e+00 6.029999999999999943e-02
3.521177684050430523e-01 2.808686999999999934e+00 5.698399999999999993e-02
3.533521073674752433e-01 2.808686999999999934e+00 5.698399999999999993e-02
3.545951306537958314e-01 2.812040000000000095e+00 5.701800000000000618e-02
3.558367173696286301e-01 2.812005000000000088e+00 6.037199999999999511e-02
3.570767450984957958e-01 2.815322999999999798e+00 6.376400000000000123e-02
3.583150899748561158e-01 2.815322999999999798e+00 6.376400000000000123e-02
3.595516266946022776e-01 2.815359999999999641e+00 6.040799999999999642e-02
3.607967274854490536e-01 2.815359999999999641e+00 6.040799999999999642e-02
3.620293381408581923e-01 2.818717000000000361e+00 6.044399999999999773e-02
3.632703997453844980e-01 2.822038999999999742e+00 6.383999999999999397e-02
3.645092827456332674e-01 2.822038999999999742e+00 6.383999999999999397e-02
3.657566447374467900e-01 2.825436999999999976e+00 6.051600000000000035e-02
3.669908460605603717e-01 2.825436999999999976e+00 6.051600000000000035e-02
3.682334049097110706e-01 2.825400000000000134e+00 6.387800000000000422e-02
3.694733958133912810e-01 2.828762999999999916e+00 6.391600000000000059e-02
3.707106815162197755e-01 2.828723999999999794e+00 6.727999999999999259e-02
3.719562818621177658e-01 2.828762999999999916e+00 6.391600000000000059e-02
3.731878139635184111e-01 2.832128000000000423e+00 6.395399999999999696e-02
3.744275282611050359e-01 2.832128000000000423e+00 6.395399999999999696e-02
3.756755065694019069e-01 2.832089000000000301e+00 6.732000000000000484e-02
3.769089145253069484e-01 2.832048000000000343e+00 7.068600000000001271e-02
3.781504481443855870e-01 2.832089000000000301e+00 6.732000000000000484e-02
3.793885784366576308e-01 2.832128000000000423e+00 6.395399999999999696e-02
3.806348430697194529e-01 2.832128000000000423e+00 6.395399999999999696e-02
3.818657984264497984e-01 2.835494999999999877e+00 6.399199999999999333e-02
3.831165794237059163e-01 2.835455999999999754e+00 6.736000000000000321e-02
3.843517497461085841e-01 2.835455999999999754e+00 6.736000000000000321e-02
3.855949102229884740e-01 2.835494999999999877e+00 6.399199999999999333e-02
3.868340689310776903e-01 2.835494999999999877e+00 6.399199999999999333e-02
3.880690708100401065e-01 2.838864000000000498e+00 6.403000000000000358e-02
3.893119836502644260e-01 2.838864000000000498e+00 6.403000000000000358e-02
3.905505809648450732e-01 2.838864000000000498e+00 6.403000000000000358e-02
3.917847040166204664e-01 2.842235000000000067e+00 6.406799999999999995e-02
3.930266513443850807e-01 2.842271999999999910e+00 6.069599999999999301e-02
3.942639597834442511e-01 2.845608000000000359e+00 6.410599999999999632e-02
3.955090833006881246e-01 2.842235000000000067e+00 6.406799999999999995e-02
3.967493997859190547e-01 2.842195999999999945e+00 6.743999999999999995e-02
3.979847444326379824e-01 2.842235000000000067e+00 6.406799999999999995e-02
3.992278060056018707e-01 2.845645000000000202e+00 6.073199999999999432e-02
4.004657216831385980e-01 2.845680000000000209e+00 5.735800000000000620e-02
4.017113382358077911e-01 2.849019999999999886e+00 6.076799999999999563e-02
4.029516312948087653e-01 2.848983000000000043e+00 6.414399999999999269e-02
4.041864300997545789e-01 2.848983000000000043e+00 6.414399999999999269e-02
4.054288199637020029e-01 2.849019999999999886e+00 6.076799999999999563e-02
4.066655321211614660e-01 2.852432000000000301e+00 5.742600000000000482e-02
4.079098122490532052e-01 2.852397000000000293e+00 6.080399999999999694e-02
4.091482276774567328e-01 2.852397000000000293e+00 6.080399999999999694e-02
4.103941856711121883e-01 2.855738999999999805e+00 6.421999999999999931e-02
4.116340884233058439e-01 2.855775999999999648e+00 6.083999999999999131e-02
4.128677570199790758e-01 2.855775999999999648e+00 6.083999999999999131e-02
4.141088424619228658e-01 2.855775999999999648e+00 6.083999999999999131e-02
4.153434974811554548e-01 2.855775999999999648e+00 6.083999999999999131e-02
4.165855367014976163e-01 2.855775999999999648e+00 6.083999999999999131e-02
4.178209457204951072e-01 2.855810999999999655e+00 5.746000000000000413e-02
4.190637038906905310e-01 2.859192000000000178e+00 5.749400000000000344e-02
4.202996285741880111e-01 2.859225000000000350e+00 5.411200000000000038e-02
4.215428649296196206e-01 2.859192000000000178e+00 5.749400000000000344e-02
4.227790610144572248e-01 2.862574999999999648e+00 5.752800000000000274e-02
4.240225288409703031e-01 2.862574999999999648e+00 5.752800000000000274e-02
4.252587461262208879e-01 2.862607999999999819e+00 5.414399999999999769e-02
4.265021927523209855e-01 2.865993000000000457e+00 5.417600000000000193e-02
4.277381750952173878e-01 2.865993000000000457e+00 5.417600000000000193e-02
4.289813418901796127e-01 2.865960000000000285e+00 5.756200000000000899e-02
4.302317559618977771e-01 2.869346999999999870e+00 5.759600000000000136e-02
4.314594495862322798e-01 2.869380000000000042e+00 5.420799999999999924e-02
4.327092710470097914e-01 2.869380000000000042e+00 5.420799999999999924e-02
4.339511652833282218e-01 2.869380000000000042e+00 5.420799999999999924e-02
4.351849330751130229e-01 2.872769000000000350e+00 5.424000000000000349e-02
4.364257363268672640e-01 2.872736000000000178e+00 5.763000000000000761e-02
4.376581857216976235e-01 2.872736000000000178e+00 5.763000000000000761e-02
4.388976156079851254e-01 2.872769000000000350e+00 5.424000000000000349e-02
4.401440854595466967e-01 2.872769000000000350e+00 5.424000000000000349e-02
4.413819417340680284e-01 2.872769000000000350e+00 5.424000000000000349e-02
4.426267803116622490e-01 2.876160000000000050e+00 5.427200000000000080e-02
4.438627696026195557e-01 2.876160000000000050e+00 5.427200000000000080e-02
4.451056809660732805e-01 2.879553000000000473e+00 5.430400000000000504e-02
4.463395040431266114e-01 2.879584000000000366e+00 5.090999999999999692e-02
4.475801863943529857e-01 2.879553000000000473e+00 5.430400000000000504e-02
4.488277853790171856e-01 2.879520000000000302e+00 5.769800000000000623e-02
4.500660208839106780e-01 2.879485000000000294e+00 6.109200000000000047e-02
4.512946799879871684e-01 2.879520000000000302e+00 5.769800000000000623e-02
4.525465833233555113e-01 2.879520000000000302e+00 5.769800000000000623e-02
4.537888420800076927e-01 2.876160000000000050e+00 5.427200000000000080e-02
4.550212398454921980e-01 2.876160000000000050e+00 5.427200000000000080e-02
4.562603497206878522e-01 2.879553000000000473e+00 5.430400000000000504e-02
4.575062266904048602e-01 2.879553000000000473e+00 5.430400000000000504e-02
4.587419522444211584e-01 2.882978999999999736e+00 5.093999999999999917e-02
4.599843712736503831e-01 2.882978999999999736e+00 5.093999999999999917e-02
4.612163806007726352e-01 2.882947999999999844e+00 5.433600000000000235e-02
4.624550072103681964e-01 2.882947999999999844e+00 5.433600000000000235e-02
4.637003045594274564e-01 2.882947999999999844e+00 5.433600000000000235e-02
4.649348911879840340e-01 2.882978999999999736e+00 5.093999999999999917e-02
4.661760694581880693e-01 2.883007999999999793e+00 4.754400000000000293e-02
4.674238923019782277e-01 2.882978999999999736e+00 5.093999999999999917e-02
4.686606971578140546e-01 2.882978999999999736e+00 5.093999999999999917e-02
4.699040645559966478e-01 2.882978999999999736e+00 5.093999999999999917e-02
4.711361431566336022e-01 2.886405000000000332e+00 4.757200000000000317e-02
4.723746997108230206e-01 2.886432000000000109e+00 4.417399999999999799e-02
4.736197854423551123e-01 2.886432000000000109e+00 4.417399999999999799e-02
4.748532647763297754e-01 2.889830999999999595e+00 4.419999999999999624e-02
4.760931857503252762e-01 2.889830999999999595e+00 4.419999999999999624e-02
4.773395989570328735e-01 2.893257000000000190e+00 4.082399999999999918e-02
4.785740820361281123e-01 2.893257000000000190e+00 4.082399999999999918e-02
4.798149668463611017e-01 2.896659999999999791e+00 4.084800000000000236e-02
4.810623033139320714e-01 2.896659999999999791e+00 4.084800000000000236e-02
4.822973798307843007e-01 2.900040000000000173e+00 4.427799999999999792e-02
4.835388145279034267e-01 2.900040000000000173e+00 4.427799999999999792e-02
4.847866566299108837e-01 2.900065000000000115e+00 4.087200000000000555e-02
4.860219029129741464e-01 2.903471999999999831e+00 4.089600000000000180e-02
4.872634601418734390e-01 2.903471999999999831e+00 4.089600000000000180e-02
4.884921296761345344e-01 2.903446999999999889e+00 4.430399999999999616e-02
4.897463557951481916e-01 2.906856000000000328e+00 4.433000000000000135e-02
4.909681520338166072e-01 2.906881000000000270e+00 4.092000000000000498e-02
4.922155997979265618e-01 2.910291999999999657e+00 4.094400000000000123e-02
4.934497629272455721e-01 2.910291999999999657e+00 4.094400000000000123e-02
4.946901306032785994e-01 2.913680000000000270e+00 4.438199999999999784e-02
4.959367497323988738e-01 2.910239999999999938e+00 4.776799999999999796e-02
4.979284635867458064e-01 2.913680000000000270e+00 4.438199999999999784e-02
4.999362396495956040e-01 2.917094999999999771e+00 4.440799999999999609e-02
5.019602730085007680e-01 2.917067999999999994e+00 4.782399999999999846e-02
5.040007619231695601e-01 2.920485000000000220e+00 4.785200000000000564e-02
5.060579078902028849e-01 2.920456000000000163e+00 5.127000000000000307e-02
5.081319157094250638e-01 2.920425000000000271e+00 5.468800000000000050e-02
5.102229935518506343e-01 2.920456000000000163e+00 5.127000000000000307e-02
5.123313530293376328e-01 2.920456000000000163e+00 5.127000000000000307e-02
5.144572092659739360e-01 2.920425000000000271e+00 5.468800000000000050e-02
5.166007809712488408e-01 2.920456000000000163e+00 5.127000000000000307e-02
5.187622905150615082e-01 2.920392000000000099e+00 5.810600000000000487e-02
5.209419640046206723e-01 2.920425000000000271e+00 5.468800000000000050e-02
5.231400313632899035e-01 2.920425000000000271e+00 5.468800000000000050e-02
5.253567264114394897e-01 2.923843999999999888e+00 5.471999999999999781e-02
5.275922869493604450e-01 2.923843999999999888e+00 5.471999999999999781e-02
5.298469548423064834e-01 2.923843999999999888e+00 5.471999999999999781e-02
5.321209761077240197e-01 2.923843999999999888e+00 5.471999999999999781e-02
5.344146010047401418e-01 2.923843999999999888e+00 5.471999999999999781e-02
5.367280841259727264e-01 2.923843999999999888e+00 5.471999999999999781e-02
5.390616844917379691e-01 2.927265000000000228e+00 5.475200000000000206e-02
5.414156656467236095e-01 2.927265000000000228e+00 5.475200000000000206e-02
5.437902957592093411e-01 2.927265000000000228e+00 5.475200000000000206e-02
5.461858477229062370e-01 2.927232000000000056e+00 5.817400000000000349e-02
5.486025992615032321e-01 2.927265000000000228e+00 5.475200000000000206e-02
5.510408330359987117e-01 2.927232000000000056e+00 5.817400000000000349e-02
5.535008367549093533e-01 2.927232000000000056e+00 5.817400000000000349e-02
5.559829032874427091e-01 2.927232000000000056e+00 5.817400000000000349e-02
5.584873307797283415e-01 2.927232000000000056e+00 5.817400000000000349e-02
5.610144227742068779e-01 2.927265000000000228e+00 5.475200000000000206e-02
5.635644883322713516e-01 2.927265000000000228e+00 5.475200000000000206e-02
5.661378421602726307e-01 2.930687999999999960e+00 5.478399999999999936e-02
5.687348047389895189e-01 2.930687999999999960e+00 5.478399999999999936e-02
5.713557024566807696e-01 2.930687999999999960e+00 5.478399999999999936e-02
5.740008677458319220e-01 2.930687999999999960e+00 5.478399999999999936e-02
5.766706392237196388e-01 2.930687999999999960e+00 5.478399999999999936e-02
5.793653618369145608e-01 2.930718999999999852e+00 5.135999999999999593e-02
5.820853870098577909e-01 2.934144000000000307e+00 5.138999999999999818e-02
5.848310727976401280e-01 2.934144000000000307e+00 5.138999999999999818e-02
5.876027840431266025e-01 2.934113000000000415e+00 5.481600000000000361e-02
5.904008925385700879e-01 2.937540000000000262e+00 5.484800000000000092e-02
5.932257771918646450e-01 2.937571000000000154e+00 5.142000000000000043e-02
5.960778241975948077e-01 2.937571000000000154e+00 5.142000000000000043e-02
5.989574272130421262e-01 2.937571000000000154e+00 5.142000000000000043e-02
6.018649875393189408e-01 2.937571000000000154e+00 5.142000000000000043e-02
6.048009143078035832e-01 2.937571000000000154e+00 5.142000000000000043e-02
6.077656246720574140e-01 2.937571000000000154e+00 5.142000000000000043e-02
6.107595440054173208e-01 2.941000000000000281e+00 5.145000000000000268e-02
6.137831061044539682e-01 2.941000000000000281e+00 5.145000000000000268e-02
6.168367533985060769e-01 2.941000000000000281e+00 5.145000000000000268e-02
6.199209371654985645e-01 2.944430999999999798e+00 5.147999999999999798e-02
6.230361177542699247e-01 2.944430999999999798e+00 5.147999999999999798e-02
6.261827648136348845e-01 2.947864000000000484e+00 5.151000000000000023e-02
6.293613575284249251e-01 2.947864000000000484e+00 5.151000000000000023e-02
6.325723848627536894e-01 2.951299000000000117e+00 5.153999999999999554e-02
6.358163458107677357e-01 2.951268000000000225e+00 5.497599999999999709e-02
6.390937496551531982e-01 2.951268000000000225e+00 5.497599999999999709e-02
6.424051162336772425e-01 2.947800000000000420e+00 5.837800000000000628e-02
6.457509762140610787e-01 2.951235000000000053e+00 5.841200000000000558e-02
6.491318713774854032e-01 2.951268000000000225e+00 5.497599999999999709e-02
6.525483549110511206e-01 2.951235000000000053e+00 5.841200000000000558e-02
6.560009917095223075e-01 2.947765000000000413e+00 6.181199999999999889e-02
6.594903586867005840e-01 2.947765000000000413e+00 6.181199999999999889e-02
6.630170450967898255e-01 2.944399999999999906e+00 5.491200000000000248e-02
6.665816528661274720e-01 2.944399999999999906e+00 5.491200000000000248e-02
6.701847969356741208e-01 2.947864000000000484e+00 5.151000000000000023e-02
6.738271056146722948e-01 2.951299000000000117e+00 5.153999999999999554e-02
6.775092209459000481e-01 2.951299000000000117e+00 5.153999999999999554e-02
6.812317990829653835e-01 2.951299000000000117e+00 5.153999999999999554e-02
6.849955106801088878e-01 2.954736000000000473e+00 5.156999999999999779e-02
6.888010412949984174e-01 2.954736000000000473e+00 5.156999999999999779e-02
6.926490918050263179e-01 2.958174999999999777e+00 5.160000000000000003e-02
6.965403788376388627e-01 2.958174999999999777e+00 5.160000000000000003e-02
7.004756352152525789e-01 2.958110999999999713e+00 5.848000000000000420e-02
7.044556104153393283e-01 2.958143999999999885e+00 5.503999999999999865e-02
7.084810710462841055e-01 2.958143999999999885e+00 5.503999999999999865e-02
7.125528013396534854e-01 2.958110999999999713e+00 5.848000000000000420e-02
7.166716036595359718e-01 2.958143999999999885e+00 5.503999999999999865e-02
7.208382990296494652e-01 2.961585000000000356e+00 5.507200000000000290e-02
7.250537276789457142e-01 2.961552000000000184e+00 5.851400000000001045e-02
7.293187496064689190e-01 2.961552000000000184e+00 5.851400000000001045e-02
7.336342451662705155e-01 2.961552000000000184e+00 5.851400000000001045e-02
7.380011156732125821e-01 2.961585000000000356e+00 5.507200000000000290e-02
7.424202840305372808e-01 2.961585000000000356e+00 5.507200000000000290e-02
7.468926953801188207e-01 2.961585000000000356e+00 5.507200000000000290e-02
7.514193177763619502e-01 2.961585000000000356e+00 5.507200000000000290e-02
7.560011428847543957e-01 2.961585000000000356e+00 5.507200000000000290e-02
7.606391867061332857e-01 2.961616000000000248e+00 5.163000000000000228e-02
7.653344903277760070e-01 2.961585000000000356e+00 5.507200000000000290e-02
7.700881207024826702e-01 2.965028000000000219e+00 5.510400000000000020e-02
7.749011714568732057e-01 2.965028000000000219e+00 5.510400000000000020e-02
7.797747637301868373e-01 2.965028000000000219e+00 5.510400000000000020e-02
7.847100470449348553e-01 2.965028000000000219e+00 5.510400000000000020e-02
7.897082002108262166e-01 2.968504000000000254e+00 5.168999999999999984e-02
7.947704322634596696e-01 2.968473000000000361e+00 5.513600000000000445e-02
7.998979834393529220e-01 2.968473000000000361e+00 5.513600000000000445e-02
8.050921261889592007e-01 2.968473000000000361e+00 5.513600000000000445e-02
8.103541662294099224e-01 2.975336000000000425e+00 5.865000000000000768e-02
8.156854436388139007e-01 2.968473000000000361e+00 5.513600000000000445e-02
8.210873339940378823e-01 2.971919999999999895e+00 5.516800000000000176e-02
8.265612495539981230e-01 2.971919999999999895e+00 5.516800000000000176e-02
8.321086404906020695e-01 2.971886999999999723e+00 5.861600000000000144e-02
8.377309961695926788e-01 2.971886999999999723e+00 5.861600000000000144e-02
8.434298464836715858e-01 2.971886999999999723e+00 5.861600000000000144e-02
8.492067632404090016e-01 2.975336000000000425e+00 5.865000000000000768e-02
8.550633616075842269e-01 2.975336000000000425e+00 5.865000000000000768e-02
8.610013016187479939e-01 2.971851999999999716e+00 6.206399999999999417e-02
8.670222897419560537e-01 2.971851999999999716e+00 6.206399999999999417e-02
8.731280805147867419e-01 2.975301000000000418e+00 6.209999999999999548e-02
8.793204782489342231e-01 2.975301000000000418e+00 6.209999999999999548e-02
8.856013388078551873e-01 2.971851999999999716e+00 6.206399999999999417e-02
8.919725714611490552e-01 2.971851999999999716e+00 6.206399999999999417e-02
8.984361408195632448e-01 2.971851999999999716e+00 6.206399999999999417e-02
9.049940688547423173e-01 2.971851999999999716e+00 6.206399999999999417e-02
9.116484370080860655e-01 2.971851999999999716e+00 6.206399999999999417e-02
9.184013883933311861e-01 2.971851999999999716e+00 6.206399999999999417e-02
9.252551300977589488e-01 2.971851999999999716e+00 6.206399999999999417e-02
9.322119355872158231e-01 2.971851999999999716e+00 6.206399999999999417e-02
9.392741472204523268e-01 2.975336000000000425e+00 5.865000000000000768e-02
9.464441788786237542e-01 2.975336000000000425e+00 5.865000000000000768e-02
9.537245187161516036e-01 2.975301000000000418e+00 6.209999999999999548e-02
9.611177320395326573e-01 2.975301000000000418e+00 6.209999999999999548e-02
9.686264643210914516e-01 2.978752000000000066e+00 6.213599999999999679e-02
9.762534443551158514e-01 2.978752000000000066e+00 6.213599999999999679e-02
9.840014875642834058e-01 2.978752000000000066e+00 6.213599999999999679e-02
9.918734994647977476e-01 2.978715000000000224e+00 6.558799999999999353e-02
9.998724792991912080e-01 2.978715000000000224e+00 6.558799999999999353e-02
1.008001523846339120e+00 2.978715000000000224e+00 6.558799999999999353e-02
1.016263831418850128e+00 2.978715000000000224e+00 6.558799999999999353e-02
1.024662706058675266e+00 2.978715000000000224e+00 6.558799999999999353e-02
1.033201561942497682e+00 2.975225000000000453e+00 6.900000000000000577e-02
1.041883928009241345e+00 2.975264000000000575e+00 6.554999999999999716e-02
1.050713452822878979e+00 2.975264000000000575e+00 6.554999999999999716e-02
1.059693909684612967e+00 2.975264000000000575e+00 6.554999999999999716e-02
1.068829202009480284e+00 2.975301000000000418e+00 6.209999999999999548e-02
1.078123368983475938e+00 2.978752000000000066e+00 6.213599999999999679e-02
1.087580591518418682e+00 2.978715000000000224e+00 6.558799999999999353e-02
1.097205198523006464e+00 2.978715000000000224e+00 6.558799999999999353e-02
1.107001673509818707e+00 2.978715000000000224e+00 6.558799999999999353e-02
1.116974661559456683e+00 2.978715000000000224e+00 6.558799999999999353e-02
1.127128976664542703e+00 2.978715000000000224e+00 6.558799999999999353e-02
1.137469609477979038e+00 2.978715000000000224e+00 6.558799999999999353e-02
1.148001735491663844e+00 2.978715000000000224e+00 6.558799999999999353e-02
1.158730723673829122e+00 2.978752000000000066e+00 6.213599999999999679e-02
1.169662145595280256e+00 2.978715000000000224e+00 6.558799999999999353e-02
1.180801785077140176e+00 2.978715000000000224e+00 6.558799999999999353e-02
1.192155648395189615e+00 2.978715000000000224e+00 6.558799999999999353e-02
1.203729975078637882e+00 2.978715000000000224e+00 6.558799999999999353e-02
1.215531249344114828e+00 2.978715000000000224e+00 6.558799999999999353e-02
1.227566212208907936e+00 2.978715000000000224e+00 6.558799999999999353e-02
1.239841874330997129e+00 2.978715000000000224e+00 6.558799999999999353e-02
1.252365529627269769e+00 2.978715000000000224e+00 6.558799999999999353e-02
1.265144769725507379e+00 2.978715000000000224e+00 6.558799999999999353e-02
1.278187499310306396e+00 2.978715000000000224e+00 6.558799999999999353e-02
1.291501952428122157e+00 2.978715000000000224e+00 6.558799999999999353e-02
1.305096709822102241e+00 2.978715000000000224e+00 6.558799999999999353e-02
1.318980717373401168e+00 2.978715000000000224e+00 6.558799999999999353e-02
1.333163305732254944e+00 2.978715000000000224e+00 6.558799999999999353e-02
1.347654211229344590e+00 2.978715000000000224e+00 6.558799999999999353e-02
1.362463598165930767e+00 2.978715000000000224e+00 6.558799999999999353e-02
1.377602082589996835e+00 2.978715000000000224e+00 6.558799999999999353e-02
1.393080757675277725e+00 2.978715000000000224e+00 6.558799999999999353e-02
1.408911220830678657e+00 2.978715000000000224e+00 6.558799999999999353e-02
1.425105602679306971e+00 2.978715000000000224e+00 6.558799999999999353e-02
1.441676598059298930e+00 2.978715000000000224e+00 6.558799999999999353e-02
1.458637499212937838e+00 2.978715000000000224e+00 6.558799999999999353e-02
1.476002231346425164e+00 2.978715000000000224e+00 6.558799999999999353e-02
1.493785390760237641e+00 2.978676000000000101e+00 6.904000000000000414e-02
1.512002285769508791e+00 2.978715000000000224e+00 6.558799999999999353e-02
1.530668980655552014e+00 2.978715000000000224e+00 6.558799999999999353e-02
1.549802342913746411e+00 2.982168000000000596e+00 6.562600000000000378e-02
1.569420094089869711e+00 2.982168000000000596e+00 6.562600000000000378e-02
1.589540864526919339e+00 2.982168000000000596e+00 6.562600000000000378e-02
1.610184252377918401e+00 2.982129000000000474e+00 6.908000000000000251e-02
1.631370887277627801e+00 2.982129000000000474e+00 6.908000000000000251e-02
1.653122499107996246e+00 2.982129000000000474e+00 6.908000000000000251e-02
1.675461992339185358e+00 2.982129000000000474e+00 6.908000000000000251e-02
1.698413526480818003e+00 2.982129000000000474e+00 6.908000000000000251e-02
1.722002603237495988e+00 2.982168000000000596e+00 6.562600000000000378e-02
1.746256161029573484e+00 2.982129000000000474e+00 6.908000000000000251e-02
1.771202677615710375e+00 2.982129000000000474e+00 6.908000000000000251e-02
1.796872281639126490e+00 2.982129000000000474e+00 6.908000000000000251e-02
1.823296874016172131e+00 2.982129000000000474e+00 6.908000000000000251e-02
1.850510260195517898e+00 2.982129000000000474e+00 6.908000000000000251e-02
1.878548294440904654e+00 2.982129000000000474e+00 6.908000000000000251e-02
1.907449037432303207e+00 2.982129000000000474e+00 6.908000000000000251e-02
1.937252928642182903e+00 2.982168000000000596e+00 6.562600000000000378e-02
1.968002975128566812e+00 2.985583999999999794e+00 6.912000000000000088e-02
1.999744958598382416e+00 2.985583999999999794e+00 6.912000000000000088e-02
2.032527662837700255e+00 2.985583999999999794e+00 6.912000000000000088e-02
2.066403123884995363e+00 2.985583999999999794e+00 6.912000000000000088e-02
2.101426905645757959e+00 2.985583999999999794e+00 6.912000000000000088e-02
2.137658404018960567e+00 2.985583999999999794e+00 6.912000000000000088e-02
2.175161183036837365e+00 2.985583999999999794e+00 6.912000000000000088e-02
2.214003347019637413e+00 2.985583999999999794e+00 6.912000000000000088e-02
2.254257953329085407e+00 2.989041000000000281e+00 6.915999999999999925e-02
2.296003470983327688e+00 2.989041000000000281e+00 6.915999999999999925e-02
2.339324291190560512e+00 2.989041000000000281e+00 6.915999999999999925e-02
2.384311296790379231e+00 2.989041000000000281e+00 6.915999999999999925e-02
2.431062498688229656e+00 2.989000000000000323e+00 7.261800000000000199e-02
2.479683748661994258e+00 2.989041000000000281e+00 6.915999999999999925e-02
2.530289539451014758e+00 2.989000000000000323e+00 7.261800000000000199e-02
2.583003904856244315e+00 2.989041000000000281e+00 6.915999999999999925e-02
2.637961434746802336e+00 2.992500000000000160e+00 6.919999999999999762e-02
2.695308422458689179e+00 2.992500000000000160e+00 6.919999999999999762e-02
2.755204165179993669e+00 2.992500000000000160e+00 6.919999999999999762e-02
2.817822441661357313e+00 2.992500000000000160e+00 6.919999999999999762e-02
2.883353196118597861e+00 2.992500000000000160e+00 6.919999999999999762e-02
2.952004462692850328e+00 2.992539000000000282e+00 6.573999999999999289e-02
3.024004571539017583e+00 2.996000000000000441e+00 6.577800000000000313e-02
3.099604685827492823e+00 2.999499999999999833e+00 6.235199999999999770e-02
3.179081729053838679e+00 3.002965000000000551e+00 6.238799999999999901e-02
3.262741774555255603e+00 3.002965000000000551e+00 6.238799999999999901e-02
3.350923984678370715e+00 3.002965000000000551e+00 6.238799999999999901e-02
3.444005206474991976e+00 3.003000000000000558e+00 5.892200000000000909e-02
3.542405355231420749e+00 3.006530999999999842e+00 5.201999999999999680e-02
3.646593748032344262e+00 3.013500000000000068e+00 4.860799999999999843e-02
3.757096588881809307e+00 3.017000000000000348e+00 4.516200000000000075e-02
3.874505857284365806e+00 3.020499999999999741e+00 4.171199999999999908e-02
3.999489917196764832e+00 3.020543999999999674e+00 3.475999999999999923e-02
4.132806247769990726e+00 3.020579999999999821e+00 2.780799999999999939e-02
4.275316808037921135e+00 3.038045000000000329e+00 6.972000000000000766e-03
4.428006694039274826e+00 3.055503999999999998e+00 0.000000000000000000e+00
4.592006941966655376e+00 3.065991999999999607e+00 -1.050599999999999971e-02
4.768622593580758462e+00 3.079960999999999505e+00 -2.807999999999999732e-02
4.959367497323988516e+00 3.107972999999999875e+00 -4.936399999999999816e-02
5.166007809712488630e+00 3.125535000000000174e+00 -6.011200000000000571e-02
5.390616844917378359e+00 3.167823999999999973e+00 -8.544000000000000206e-02
5.635644883322714627e+00 3.202875000000000139e+00 -1.253000000000000225e-01
5.904008925385700657e+00 3.252111999999999892e+00 -1.731840000000000046e-01
