# freqs(eV) eps1 eps2
2.231713588424924163e-02 1.106215500000000063e+01 7.317200000000000093e-02
2.355698618949447071e-02 1.120902300000000018e+01 6.026399999999999119e-02
2.479683748661994092e-02 1.137005999999999872e+01 1.213919999999999860e-01
2.603670539765633868e-02 1.154562000000000133e+01 1.902880000000000127e-01
2.727654851183044724e-02 1.173669200000000146e+01 1.918560000000000265e-01
2.851633744490923369e-02 1.195732300000000059e+01 1.452360000000000040e-01
2.975618117899898885e-02 1.219389499999999948e+01 9.079199999999999771e-02
3.099604685827492961e-02 1.246011599999999930e+01 1.976799999999999946e-01
3.223592096852689187e-02 1.274973700000000143e+01 3.428160000000000096e-01
3.347576408270100390e-02 1.307820000000000071e+01 4.846780000000000532e-01
3.471555859504447950e-02 1.328738699999999895e+01 5.614839999999999831e-01
3.595537120915346524e-02 1.344095999999999869e+01 5.647179999999999422e-01
3.719529342522333998e-02 1.386055999999999955e+01 9.679799999999999516e-02
3.843505582569950452e-02 1.446244800000000019e+01 1.445140000000000036e-01
3.967493997859190824e-02 1.515333299999999994e+01 3.581559999999999744e-01
4.091482276774566912e-02 1.599990000000000023e+01 8.000000000000000167e-02
4.215457314176613429e-02 1.698903499999999767e+01 -3.544919999999999738e-01
4.339450899609389317e-02 1.830191999999999908e+01 -7.616619999999999502e-01
4.463427176849848327e-02 2.078883899999999940e+01 -6.292799999999999505e-01
4.587419522444211722e-02 2.402774499999999591e+01 1.059047999999999989e+00
4.711397237898894141e-02 3.050698499999999314e+01 1.489644799999999947e+01
4.835388145279034128e-02 1.467940499999999915e+01 4.701348000000000305e+00
4.959367497323988183e-02 2.519604399999999345e+01 6.626400000000000068e-01
5.083360834806591178e-02 3.268385999999999569e+01 1.235087999999999964e+00
5.207341079531267736e-02 4.725081700000000495e+01 4.293744000000000227e+00
5.331323258417242777e-02 8.843089500000000669e+01 2.334960800000000347e+01
5.455297700699146546e-02 -7.227342900000000725e+01 1.620084999999999980e+02
5.579294013783500650e-02 -5.219434500000000554e+01 2.170611200000000096e+01
5.703280606515435947e-02 -2.211075600000000563e+01 4.843520000000000714e+00
5.827255643904558080e-02 -7.894886999999998878e+00 1.598383999999999805e+00
5.951250518789615723e-02 -1.092759000000000036e+00 1.534759999999999902e+00
6.075214248836238035e-02 3.478072000000000052e+00 2.235846000000000000e+00
6.199209371654985923e-02 7.076344000000000634e+00 3.220949999999999758e+00
6.323207470144519282e-02 1.000758000000000258e+01 4.279168000000000305e+00
6.447167431053295317e-02 1.418680900000000200e+01 3.645119999999999916e+00
6.571170476475904354e-02 2.004660899999999657e+01 3.777479999999999727e+00
6.695152816540200780e-02 2.776269999999999882e+01 6.815471999999999753e+00
6.819137127957612676e-02 4.167482400000000098e+01 1.710782999999999987e+01
6.943131159768367588e-02 5.851855999999999369e+01 6.571600199999998893e+01
7.067082429397095189e-02 -4.561576499999998902e+01 8.738937199999999450e+01
7.191074241830693048e-02 -4.327009200000000533e+01 3.332894400000000701e+01
7.315046576422468139e-02 -3.172769599999999812e+01 1.777340999999999838e+01
7.439036367913247350e-02 -2.306871699999999592e+01 1.044795599999999958e+01
7.563055097362335333e-02 -1.754852399999999690e+01 6.594479999999999897e+00
7.687034994922171960e-02 -1.260765099999999883e+01 5.330219999999999736e+00
7.811011619296900910e-02 -9.176016000000000616e+00 1.157024000000000008e+01
7.934987995718381648e-02 -1.762160400000000138e+01 5.644000000000000128e+00
8.058980242131723315e-02 -1.342832799999999871e+01 2.718053999999999970e+00
8.182964553549133824e-02 -1.100322700000000076e+01 1.616435999999999984e+00
8.306925605551590541e-02 -9.266816999999999638e+00 1.048855999999999788e+00
8.430914628353226858e-02 -8.036019000000001355e+00 7.662600000000000522e-01
8.554881557262895841e-02 -6.982336000000000098e+00 6.189300000000000912e-01
8.678901799218778634e-02 -6.068160000000000664e+00 5.622480000000000810e-01
8.802881709190933657e-02 -5.327724999999999156e+00 5.269080000000000430e-01
8.926854353699696654e-02 -4.732658999999999949e+00 4.573799999999999533e-01
9.050865594520586532e-02 -4.251814999999999678e+00 3.756479999999999819e-01
9.174839044888423445e-02 -3.788303999999999672e+00 3.116800000000000126e-01
9.298837304575739704e-02 -3.353647999999999740e+00 2.896139999999999826e-01
9.422794475797788283e-02 -2.955600000000000005e+00 2.719179999999999930e-01
9.546791979140656359e-02 -2.611524000000000179e+00 2.588799999999999990e-01
9.670776290558068256e-02 -2.316015000000000157e+00 2.468880000000000241e-01
9.794772355714059797e-02 -2.063832000000000111e+00 2.388740000000000308e-01
9.918734994647976366e-02 -1.832012000000000196e+00 2.223840000000000261e-01
1.004270210948749048e-01 -1.596515000000000128e+00 2.000280000000000113e-01
1.016672166961318236e-01 -1.376891999999999783e+00 1.834559999999999802e-01
1.029068138253844689e-01 -1.177660000000000151e+00 1.697280000000000177e-01
1.041463841753744041e-01 -9.977629999999998445e-01 1.583160000000000123e-01
1.053866120114407695e-01 -8.306640000000000690e-01 1.482300000000000006e-01
1.066264651683448555e-01 -6.687949999999999173e-01 1.364519999999999900e-01
1.078658008170133992e-01 -5.093919999999999559e-01 1.251059999999999950e-01
1.091064340817168160e-01 -3.600599999999999912e-01 1.191679999999999962e-01
1.103454854335170071e-01 -2.188799999999999912e-01 1.200319999999999998e-01
1.115858802756700130e-01 -9.290099999999999747e-02 1.292200000000000015e-01
1.128257233898441181e-01 2.072000000000002312e-02 1.333620000000000083e-01
1.140650874301719631e-01 1.332450000000000301e-01 1.331320000000000281e-01
1.153051674770984997e-01 2.448749999999999816e-01 1.428920000000000190e-01
1.165451128780911616e-01 3.335639999999999161e-01 1.539200000000000013e-01
1.177851547391768200e-01 4.185639999999999916e-01 1.579200000000000048e-01
1.190244390575707356e-01 5.015449999999999076e-01 1.606080000000000008e-01
1.202644092548472848e-01 5.781600000000000072e-01 1.658880000000000077e-01
1.215042849767247607e-01 6.503599999999999381e-01 1.674779999999999880e-01
1.227444683032370143e-01 7.199069999999999636e-01 1.656759999999999899e-01
1.239841874330997185e-01 7.832640000000000713e-01 1.673199999999999965e-01
1.252239040835266271e-01 8.515850000000001474e-01 1.631519999999999915e-01
1.264641494028903856e-01 9.155999999999999694e-01 1.710579999999999878e-01
1.277042111025160076e-01 9.723559999999999981e-01 1.742399999999999782e-01
1.289433486210659063e-01 1.019915000000000127e+00 1.845479999999999898e-01
1.301835269882817003e-01 1.057102999999999904e+00 1.836959999999999982e-01
1.314227129882337419e-01 1.097023999999999999e+00 1.554000000000000103e-01
1.326630009556161172e-01 1.160144999999999760e+00 1.381119999999999848e-01
1.339023332574813541e-01 1.234799999999999898e+00 1.402380000000000015e-01
1.351429399879006676e-01 1.285166999999999948e+00 1.658559999999999757e-01
1.363827425591522535e-01 1.313800999999999997e+00 1.838400000000000034e-01
1.376225856733263586e-01 1.340123999999999871e+00 1.716799999999999715e-01
1.388618455671658813e-01 1.371960000000000068e+00 1.477980000000000127e-01
1.401014593123979801e-01 1.429088000000000136e+00 1.460339999999999971e-01
1.413424542380780635e-01 1.479679999999999884e+00 1.510319999999999996e-01
1.425810313523922235e-01 1.503495000000000026e+00 1.645520000000000038e-01
1.438214848366138610e-01 1.523071999999999981e+00 1.680960000000000232e-01
1.450616443583710169e-01 1.541685000000000416e+00 1.441880000000000106e-01
1.463009315284493628e-01 1.597308999999999868e+00 1.366199999999999914e-01
1.475405043590686249e-01 1.625367000000000006e+00 1.352559999999999873e-01
1.487816200461998528e-01 1.671410999999999980e+00 1.423399999999999943e-01
1.500201917031879773e-01 1.689351999999999743e+00 1.483140000000000014e-01
1.512611019472467067e-01 1.715911999999999882e+00 1.389659999999999784e-01
1.525001997922531272e-01 1.742124999999999924e+00 1.426679999999999893e-01
1.537406998984434392e-01 1.782295000000000185e+00 1.362720000000000042e-01
1.549802342913746411e-01 1.805888999999999855e+00 1.506399999999999961e-01
1.562202323859380182e-01 1.805999999999999828e+00 1.479499999999999982e-01
1.574602329605025719e-01 1.844945000000000057e+00 1.195919999999999900e-01
1.586997599143676330e-01 1.877615999999999952e+00 1.233899999999999997e-01
1.599403854965875671e-01 1.902190999999999743e+00 1.297200000000000020e-01
1.611796048426344663e-01 1.924239999999999728e+00 1.332480000000000053e-01
1.624190256669195420e-01 1.943721000000000032e+00 1.339200000000000113e-01
1.636582109257104234e-01 1.963299999999999601e+00 1.345919999999999894e-01
1.648989033264612880e-01 1.983072000000000168e+00 1.324460000000000082e-01
1.661385121110318108e-01 2.002846999999999600e+00 1.331040000000000001e-01
1.673788204135050195e-01 2.019874999999999865e+00 1.336679999999999813e-01
1.686194391778750024e-01 2.036974999999999536e+00 1.342319999999999902e-01
1.698576403670211121e-01 2.057109000000000076e+00 1.320199999999999985e-01
1.710976311452579168e-01 2.074456000000000078e+00 1.296899999999999997e-01
1.723390890343605986e-01 2.091873000000000093e+00 1.273360000000000047e-01
1.735768209454139344e-01 2.106278999999999790e+00 1.306799999999999906e-01
1.748176693171367424e-01 2.120824000000000265e+00 1.311299999999999966e-01
1.760563841828659826e-01 2.135507999999999740e+00 1.286559999999999926e-01
1.772975653268979157e-01 2.150325000000000042e+00 1.232280000000000181e-01
1.785383725492478979e-01 2.168048000000000197e+00 1.207860000000000184e-01
1.797758133473011388e-01 2.182802999999999827e+00 1.211959999999999982e-01
1.810173118904117306e-01 2.194643000000000121e+00 1.215240000000000070e-01
1.822573205243502026e-01 2.209488000000000341e+00 1.219340000000000146e-01
1.834954230302801859e-01 2.224464000000000219e+00 1.193600000000000078e-01
1.847366979066956405e-01 2.239488000000000589e+00 1.167660000000000087e-01
1.859753512728932190e-01 2.251479999999999926e+00 1.170779999999999876e-01
1.872165910654582377e-01 2.263503999999999738e+00 1.173899999999999944e-01
1.884573217910284482e-01 2.275560000000000027e+00 1.177019999999999872e-01
1.896971915621409599e-01 2.287647999999999904e+00 1.180139999999999939e-01
1.909358395828131272e-01 2.299844999999999917e+00 1.152919999999999917e-01
1.921758748730542921e-01 2.312071999999999683e+00 1.125539999999999874e-01
1.934140171803187258e-01 2.321207000000000242e+00 1.127760000000000012e-01
1.946559918251322130e-01 2.333340000000000192e+00 1.161279999999999951e-01
1.958954471142811959e-01 2.345655000000000268e+00 1.133679999999999966e-01
1.971351142942771306e-01 2.354928999999999828e+00 1.105199999999999794e-01
1.983746998929595273e-01 2.364219000000000293e+00 1.076600000000000057e-01
1.996139030028009353e-01 2.376468000000000025e+00 1.110239999999999977e-01
2.008556691179038955e-01 2.382640000000000313e+00 1.111679999999999890e-01
2.020932150498772895e-01 2.395008000000000248e+00 1.114559999999999995e-01
2.033327660605807330e-01 2.404376000000000069e+00 1.085699999999999998e-01
2.045741138387283664e-01 2.413760000000000350e+00 1.056720000000000159e-01
2.058136276507689377e-01 2.423092999999999719e+00 1.058759999999999979e-01
2.070544212309614329e-01 2.432444000000000273e+00 1.060800000000000076e-01
2.082927683507488081e-01 2.438688000000000411e+00 1.062160000000000049e-01
2.095318519453452655e-01 2.448135999999999868e+00 1.032900000000000068e-01
2.107714324648098103e-01 2.457600000000000229e+00 1.003520000000000106e-01
2.120112644204851515e-01 2.467016999999999793e+00 1.005439999999999945e-01
2.132510963761604927e-01 2.473304999999999865e+00 1.006719999999999976e-01
2.144943816637539524e-01 2.482752000000000070e+00 1.008640000000000092e-01
2.157334785075946393e-01 2.492279999999999607e+00 9.789799999999999891e-02
2.169717855784605576e-01 2.501762999999999959e+00 9.808400000000000452e-02
2.182128681634336320e-01 2.508156000000000052e+00 9.503999999999999948e-02
2.194526920599318698e-01 2.517607999999999624e+00 9.839399999999999535e-02
2.206909708670340142e-01 2.523896999999999835e+00 1.016959999999999947e-01
2.219313848013097779e-01 2.530256999999999756e+00 1.018239999999999978e-01
2.231697520215633057e-01 2.536687999999999832e+00 9.876599999999999269e-02
2.244098308260777941e-01 2.546316000000000024e+00 9.575999999999999790e-02
2.256514467796882362e-01 2.552704000000000306e+00 9.588000000000000689e-02
2.268902688866313577e-01 2.559039000000000286e+00 9.920000000000001039e-02
2.281301748603439261e-01 2.565443000000000140e+00 9.932400000000000950e-02
2.293709761222105792e-01 2.571855000000000224e+00 9.944800000000000861e-02
2.306124796478986050e-01 2.578336000000000183e+00 9.636000000000000121e-02
2.318501522797137282e-01 2.584764000000000284e+00 9.647999999999999632e-02
2.330924168244622452e-01 2.591200000000000170e+00 9.660000000000000531e-02
2.343303485789070273e-01 2.597583000000000197e+00 9.994400000000000506e-02
2.355680715783168011e-01 2.604035000000000100e+00 1.000680000000000042e-01
2.368098927211775562e-01 2.610495000000000232e+00 1.001920000000000033e-01
2.380511633989971787e-01 2.613788999999999696e+00 9.701999999999999513e-02
2.392916592999820569e-01 2.620199999999999640e+00 1.003779999999999950e-01
2.405311516569660357e-01 2.623376000000000374e+00 1.036800000000000083e-01
2.417694072639517133e-01 2.626616999999999980e+00 1.037440000000000029e-01
2.430109514564870732e-01 2.633105000000000029e+00 1.038720000000000060e-01
2.442508765254815806e-01 2.636414999999999953e+00 1.006879999999999997e-01
2.454889366064740286e-01 2.642914999999999459e+00 1.008119999999999988e-01
2.467297913138041254e-01 2.646104999999999929e+00 1.041279999999999983e-01
2.479683748661994369e-01 2.649359999999999715e+00 1.041919999999999930e-01
2.492094378667759624e-01 2.652679999999999705e+00 1.009980000000000044e-01
2.504478081670532541e-01 2.659199999999999786e+00 1.011220000000000036e-01
2.516883283593506215e-01 2.662462999999999358e+00 1.011839999999999962e-01
2.529257189577717724e-01 2.665727999999999653e+00 1.012460000000000027e-01
2.541701259391138112e-01 2.665727999999999653e+00 1.012460000000000027e-01
2.554057915151197178e-01 2.668994999999999340e+00 1.013079999999999953e-01
2.566482175849214564e-01 2.675595999999999641e+00 9.815999999999998338e-02
2.578866972421318127e-01 2.678927999999999976e+00 9.494600000000000262e-02
2.591263557445601662e-01 2.682202999999999893e+00 9.500400000000000511e-02
2.603670539765634007e-01 2.685420999999999836e+00 9.833999999999999686e-02
2.616086498704444097e-01 2.691980999999999735e+00 9.845999999999999197e-02
2.628454259764674839e-01 2.695322999999999691e+00 9.523600000000000121e-02
2.640883263037823170e-01 2.695322999999999691e+00 9.523600000000000121e-02
2.653260019112322343e-01 2.698665000000000092e+00 9.200800000000000645e-02
2.665638704702005812e-01 2.701951999999999909e+00 9.206399999999999306e-02
2.678075588238718607e-01 2.705241000000000007e+00 9.212000000000000743e-02
2.690453907798965316e-01 2.708531999999999940e+00 9.217599999999999405e-02
2.702829338879920162e-01 2.711879999999999846e+00 8.893800000000000316e-02
2.715259678356176098e-01 2.718525000000000080e+00 8.574799999999999089e-02
2.727624847279720988e-01 2.721823999999999799e+00 8.579999999999998739e-02
2.740042596147975185e-01 2.725125000000000242e+00 8.585199999999999776e-02
2.752451713466527172e-01 2.728427999999999631e+00 8.590399999999999425e-02
2.764850421093586474e-01 2.731733000000000189e+00 8.595599999999999075e-02
2.777236911343317627e-01 2.735090999999999717e+00 8.269999999999999574e-02
2.789672113965883105e-01 2.738400000000000389e+00 8.275000000000000411e-02
2.802029186247959602e-01 2.741711000000000009e+00 8.279999999999999860e-02
2.814432329991140014e-01 2.745024000000000353e+00 8.285000000000000697e-02
2.826816858939801835e-01 2.748387999999999387e+00 7.958400000000000196e-02
2.839245842106341566e-01 2.751752000000000198e+00 7.631400000000000683e-02
2.851653420881818390e-01 2.755071000000000048e+00 7.635999999999999732e-02
2.864037593742197463e-01 2.761715000000000142e+00 7.645199999999999219e-02
2.876463063663775577e-01 2.764993000000000034e+00 7.982400000000000606e-02
2.888862189130427804e-01 2.768319999999999670e+00 7.987199999999999855e-02
2.901232887167420338e-01 2.771696000000000382e+00 7.659000000000000530e-02
2.913641516064665593e-01 2.775027000000000132e+00 7.663599999999999579e-02
2.926018630568987255e-01 2.778312999999999811e+00 8.001600000000000379e-02
2.938431706714217939e-01 2.778312999999999811e+00 8.001600000000000379e-02
2.950810087181372499e-01 2.781647999999999676e+00 8.006399999999999628e-02
2.963222375973320610e-01 2.784984999999999822e+00 8.011200000000000265e-02
2.975596693620844446e-01 2.788371000000000155e+00 7.681999999999999940e-02
2.988002781922680651e-01 2.788371000000000155e+00 7.681999999999999940e-02
3.000440139226071001e-01 2.791665000000000063e+00 8.020800000000000152e-02
3.012835036768558572e-01 2.795007999999999715e+00 8.025599999999999401e-02
3.025185131590369947e-01 2.795055000000000067e+00 7.691199999999999426e-02
3.037636893206088762e-01 2.798445000000000071e+00 7.361199999999999688e-02
3.050041511269365180e-01 2.801791999999999838e+00 7.365599999999999925e-02
3.062396567531979197e-01 2.801747000000000209e+00 7.700399999999998912e-02
3.074775870671817568e-01 2.805096000000000256e+00 7.705000000000000737e-02
3.087178791192941585e-01 2.808491999999999766e+00 7.374399999999999011e-02
3.099604685827492823e-01 2.808535000000000004e+00 7.039199999999999624e-02
3.111974785600253868e-01 2.811929000000000123e+00 6.708000000000000074e-02
3.124365280676856815e-01 2.815242999999999718e+00 7.047599999999999698e-02
3.136775475208716246e-01 2.818600000000000438e+00 7.051800000000001123e-02
3.149204659210051438e-01 2.821958999999999662e+00 7.055999999999999772e-02
3.161571486972146738e-01 2.825361000000000011e+00 6.724000000000000810e-02
3.173954571668835545e-01 2.828723999999999794e+00 6.727999999999999259e-02
3.181039291694881532e-01 2.832048000000000343e+00 7.068600000000001271e-02
3.186353150345653251e-01 2.832048000000000343e+00 7.068600000000001271e-02
3.211193665710947998e-01 2.835414999999999797e+00 7.072799999999999920e-02
3.223550190658304726e-01 2.835414999999999797e+00 7.072799999999999920e-02
3.236002177613919728e-01 2.838825000000000376e+00 6.740000000000000158e-02
3.248380513338390840e-01 2.842195999999999945e+00 6.743999999999999995e-02
3.260768151726579078e-01 2.845569000000000237e+00 6.747999999999999832e-02
3.273164218514208468e-01 2.845528000000000279e+00 7.085400000000000031e-02
3.285567824705843409e-01 2.848902999999999963e+00 7.089600000000000068e-02
3.297978066529225760e-01 2.852360000000000451e+00 6.418200000000000294e-02
3.310394025394486905e-01 2.855738999999999805e+00 6.421999999999999931e-02
3.322814767858379148e-01 2.855699999999999683e+00 6.759999999999999343e-02
3.335149628328170079e-01 2.859081000000000206e+00 6.764000000000000568e-02
3.347576408270100390e-01 2.862463999999999675e+00 6.768000000000000405e-02
3.360005079487797253e-01 2.862502999999999798e+00 6.429599999999999205e-02
3.372342919436956965e-01 2.865888000000000435e+00 6.433400000000000230e-02
3.384771701695323820e-01 2.869275000000000020e+00 6.437199999999999867e-02
3.397199348780680639e-01 2.869235999999999898e+00 6.776000000000000079e-02
3.409531059099650818e-01 2.872625000000000206e+00 6.779999999999999916e-02
3.421952622905158337e-01 2.876015999999999906e+00 6.783999999999999753e-02
3.434369890947611137e-01 2.879409000000000329e+00 6.788000000000000977e-02
3.446781780687211971e-01 2.879409000000000329e+00 6.788000000000000977e-02
3.459187194718478797e-01 2.882762999999999742e+00 7.131600000000000439e-02
3.471585020806958188e-01 2.882762999999999742e+00 7.131600000000000439e-02
3.483974131933001428e-01 2.886160000000000281e+00 7.135800000000000476e-02
3.496353386342734848e-01 2.886160000000000281e+00 7.135800000000000476e-02
3.508721627606399274e-01 2.886160000000000281e+00 7.135800000000000476e-02
3.521177684050430523e-01 2.889515999999999529e+00 7.479999999999999150e-02
3.533521073674752433e-01 2.889515999999999529e+00 7.479999999999999150e-02
3.545951306537958314e-01 2.889515999999999529e+00 7.479999999999999150e-02
3.558367173696286301e-01 2.892917000000000183e+00 7.484399999999999387e-02
3.570767450984957958e-01 2.892917000000000183e+00 7.484399999999999387e-02
3.583150899748561158e-01 2.892917000000000183e+00 7.484399999999999387e-02
3.595516266946022776e-01 2.892872000000000554e+00 7.824599999999999611e-02
3.607967274854490536e-01 2.892872000000000554e+00 7.824599999999999611e-02
3.620293381408581923e-01 2.892917000000000183e+00 7.484399999999999387e-02
3.632703997453844980e-01 2.896363000000000021e+00 7.148400000000000587e-02
3.645092827456332674e-01 2.896363000000000021e+00 7.148400000000000587e-02
3.657566447374467900e-01 2.896363000000000021e+00 7.148400000000000587e-02
3.669908460605603717e-01 2.899768000000000345e+00 7.152600000000000624e-02
3.682334049097110706e-01 2.903175000000000061e+00 7.156800000000000661e-02
3.694733958133912810e-01 2.903216000000000019e+00 6.815999999999999837e-02
3.707106815162197755e-01 2.906625000000000458e+00 6.820000000000001061e-02
3.719562818621177658e-01 2.906584000000000501e+00 7.161000000000000698e-02
3.731878139635184111e-01 2.906584000000000501e+00 7.161000000000000698e-02
3.744275282611050359e-01 2.909994999999999887e+00 7.165200000000000735e-02
3.756755065694019069e-01 2.910035999999999845e+00 6.823999999999999511e-02
3.769089145253069484e-01 2.910035999999999845e+00 6.823999999999999511e-02
3.781504481443855870e-01 2.913449000000000400e+00 6.828000000000000735e-02
3.793885784366576308e-01 2.913449000000000400e+00 6.828000000000000735e-02
3.806348430697194529e-01 2.913408000000000442e+00 7.169400000000000772e-02
3.818657984264497984e-01 2.916863999999999901e+00 6.832000000000000572e-02
3.831165794237059163e-01 2.916863999999999901e+00 6.832000000000000572e-02
3.843517497461085841e-01 2.920281000000000127e+00 6.836000000000000409e-02
3.855949102229884740e-01 2.920281000000000127e+00 6.836000000000000409e-02
3.868340689310776903e-01 2.920240000000000169e+00 7.177800000000000846e-02
3.880690708100401065e-01 2.920281000000000127e+00 6.836000000000000409e-02
3.893119836502644260e-01 2.923738999999999866e+00 6.497999999999999610e-02
3.905505809648450732e-01 2.927160000000000206e+00 6.501800000000000634e-02
3.917847040166204664e-01 2.927160000000000206e+00 6.501800000000000634e-02
3.930266513443850807e-01 2.930543999999999816e+00 6.847999999999999921e-02
3.942639597834442511e-01 2.930543999999999816e+00 6.847999999999999921e-02
3.955090833006881246e-01 2.930543999999999816e+00 6.847999999999999921e-02
3.967493997859190547e-01 2.930582999999999938e+00 6.505600000000000271e-02
3.979847444326379824e-01 2.930582999999999938e+00 6.505600000000000271e-02
3.992278060056018707e-01 2.934008000000000393e+00 6.509399999999999908e-02
4.004657216831385980e-01 2.933969000000000271e+00 6.852000000000001145e-02
4.017113382358077911e-01 2.937435000000000240e+00 6.513199999999999545e-02
4.029516312948087653e-01 2.937435000000000240e+00 6.513199999999999545e-02
4.041864300997545789e-01 2.940864000000000367e+00 6.517000000000000570e-02
4.054288199637020029e-01 2.940825000000000244e+00 6.860000000000000819e-02
4.066655321211614660e-01 2.940825000000000244e+00 6.860000000000000819e-02
4.079098122490532052e-01 2.944294999999999884e+00 6.520800000000000207e-02
4.091482276774567328e-01 2.944294999999999884e+00 6.520800000000000207e-02
4.103941856711121883e-01 2.947689000000000448e+00 6.868000000000000493e-02
4.116340884233058439e-01 2.947689000000000448e+00 6.868000000000000493e-02
4.128677570199790758e-01 2.947648000000000490e+00 7.211400000000001143e-02
4.141088424619228658e-01 2.947689000000000448e+00 6.868000000000000493e-02
4.153434974811554548e-01 2.951124000000000080e+00 6.872000000000000330e-02
4.165855367014976163e-01 2.951124000000000080e+00 6.872000000000000330e-02
4.178209457204951072e-01 2.947648000000000490e+00 7.211400000000001143e-02
4.190637038906905310e-01 2.951083000000000123e+00 7.215599999999999792e-02
4.202996285741880111e-01 2.951083000000000123e+00 7.215599999999999792e-02
4.215428649296196206e-01 2.951124000000000080e+00 6.872000000000000330e-02
4.227790610144572248e-01 2.951124000000000080e+00 6.872000000000000330e-02
4.240225288409703031e-01 2.954561000000000437e+00 6.876000000000000167e-02
4.252587461262208879e-01 2.954561000000000437e+00 6.876000000000000167e-02
4.265021927523209855e-01 2.954561000000000437e+00 6.876000000000000167e-02
4.277381750952173878e-01 2.957999999999999741e+00 6.880000000000000004e-02
4.289813418901796127e-01 2.957999999999999741e+00 6.880000000000000004e-02
4.302317559618977771e-01 2.957999999999999741e+00 6.880000000000000004e-02
4.314594495862322798e-01 2.957999999999999741e+00 6.880000000000000004e-02
4.327092710470097914e-01 2.957958999999999783e+00 7.223999999999999866e-02
4.339511652833282218e-01 2.957958999999999783e+00 7.223999999999999866e-02
4.351849330751130229e-01 2.961441000000000212e+00 6.883999999999999841e-02
4.364257363268672640e-01 2.961441000000000212e+00 6.883999999999999841e-02
4.376581857216976235e-01 2.961400000000000254e+00 7.228200000000001291e-02
4.388976156079851254e-01 2.961400000000000254e+00 7.228200000000001291e-02
4.401440854595466967e-01 2.964843000000000117e+00 7.232399999999999940e-02
4.413819417340680284e-01 2.964843000000000117e+00 7.232399999999999940e-02
4.426267803116622490e-01 2.964884000000000075e+00 6.887999999999999678e-02
4.438627696026195557e-01 2.964884000000000075e+00 6.887999999999999678e-02
4.451056809660732805e-01 2.964843000000000117e+00 7.232399999999999940e-02
4.463395040431266114e-01 2.964843000000000117e+00 7.232399999999999940e-02
4.475801863943529857e-01 2.968288000000000260e+00 7.236600000000001365e-02
4.488277853790171856e-01 2.968288000000000260e+00 7.236600000000001365e-02
4.500660208839106780e-01 2.968288000000000260e+00 7.236600000000001365e-02
4.512946799879871684e-01 2.968288000000000260e+00 7.236600000000001365e-02
4.525465833233555113e-01 2.964843000000000117e+00 7.232399999999999940e-02
4.537888420800076927e-01 2.964843000000000117e+00 7.232399999999999940e-02
4.550212398454921980e-01 2.964884000000000075e+00 6.887999999999999678e-02
4.562603497206878522e-01 2.968368000000000340e+00 6.547400000000000442e-02
4.575062266904048602e-01 2.968368000000000340e+00 6.547400000000000442e-02
4.587419522444211584e-01 2.971814999999999873e+00 6.551200000000000079e-02
4.599843712736503831e-01 2.971775999999999751e+00 6.896000000000000740e-02
4.612163806007726352e-01 2.975225000000000453e+00 6.900000000000000577e-02
4.624550072103681964e-01 2.975225000000000453e+00 6.900000000000000577e-02
4.637003045594274564e-01 2.971775999999999751e+00 6.896000000000000740e-02
4.649348911879840340e-01 2.971775999999999751e+00 6.896000000000000740e-02
4.661760694581880693e-01 2.975225000000000453e+00 6.900000000000000577e-02
4.674238923019782277e-01 2.975225000000000453e+00 6.900000000000000577e-02
4.686606971578140546e-01 2.975225000000000453e+00 6.900000000000000577e-02
4.699040645559966478e-01 2.975225000000000453e+00 6.900000000000000577e-02
4.711361431566336022e-01 2.975225000000000453e+00 6.900000000000000577e-02
4.723746997108230206e-01 2.978676000000000101e+00 6.904000000000000414e-02
4.736197854423551123e-01 2.978676000000000101e+00 6.904000000000000414e-02
4.748532647763297754e-01 2.978676000000000101e+00 6.904000000000000414e-02
4.760931857503252762e-01 2.978715000000000224e+00 6.558799999999999353e-02
4.773395989570328735e-01 2.978715000000000224e+00 6.558799999999999353e-02
4.785740820361281123e-01 2.978715000000000224e+00 6.558799999999999353e-02
4.798149668463611017e-01 2.982129000000000474e+00 6.908000000000000251e-02
4.810623033139320714e-01 2.982168000000000596e+00 6.562600000000000378e-02
4.822973798307843007e-01 2.982168000000000596e+00 6.562600000000000378e-02
4.835388145279034267e-01 2.982168000000000596e+00 6.562600000000000378e-02
4.847866566299108837e-01 2.982168000000000596e+00 6.562600000000000378e-02
4.860219029129741464e-01 2.985622999999999916e+00 6.566400000000000015e-02
4.872634601418734390e-01 2.985622999999999916e+00 6.566400000000000015e-02
4.884921296761345344e-01 2.985622999999999916e+00 6.566400000000000015e-02
4.897463557951481916e-01 2.985659999999999759e+00 6.220799999999999247e-02
4.909681520338166072e-01 2.985622999999999916e+00 6.566400000000000015e-02
4.922155997979265618e-01 2.989080000000000403e+00 6.570199999999999652e-02
4.934497629272455721e-01 2.989080000000000403e+00 6.570199999999999652e-02
4.946901306032785994e-01 2.989080000000000403e+00 6.570199999999999652e-02
4.959367497323988738e-01 2.989117000000000246e+00 6.224400000000000072e-02
4.979284635867458064e-01 2.992576000000000125e+00 6.227999999999999509e-02
4.999362396495956040e-01 2.996000000000000441e+00 6.577800000000000313e-02
5.019602730085007680e-01 2.996000000000000441e+00 6.577800000000000313e-02
5.040007619231695601e-01 2.999462999999999990e+00 6.581599999999999950e-02
5.060579078902028849e-01 2.999423999999999868e+00 6.927999999999999436e-02
5.081319157094250638e-01 2.999462999999999990e+00 6.581599999999999950e-02
5.102229935518506343e-01 2.999423999999999868e+00 6.927999999999999436e-02
5.123313530293376328e-01 2.999423999999999868e+00 6.927999999999999436e-02
5.144572092659739360e-01 2.999423999999999868e+00 6.927999999999999436e-02
5.166007809712488408e-01 2.999382999999999910e+00 7.274400000000000310e-02
5.187622905150615082e-01 2.999423999999999868e+00 6.927999999999999436e-02
5.209419640046206723e-01 2.999382999999999910e+00 7.274400000000000310e-02
5.231400313632899035e-01 2.999423999999999868e+00 6.927999999999999436e-02
5.253567264114394897e-01 3.002889000000000586e+00 6.932000000000000661e-02
5.275922869493604450e-01 3.002889000000000586e+00 6.932000000000000661e-02
5.298469548423064834e-01 3.002889000000000586e+00 6.932000000000000661e-02
5.321209761077240197e-01 3.002889000000000586e+00 6.932000000000000661e-02
5.344146010047401418e-01 3.002889000000000586e+00 6.932000000000000661e-02
5.367280841259727264e-01 3.002889000000000586e+00 6.932000000000000661e-02
5.390616844917379691e-01 3.006355999999999806e+00 6.936000000000000498e-02
5.414156656467236095e-01 3.006355999999999806e+00 6.936000000000000498e-02
5.437902957592093411e-01 3.006355999999999806e+00 6.936000000000000498e-02
5.461858477229062370e-01 3.006355999999999806e+00 6.936000000000000498e-02
5.486025992615032321e-01 3.006314999999999849e+00 7.282800000000000384e-02
5.510408330359987117e-01 3.006355999999999806e+00 6.936000000000000498e-02
5.535008367549093533e-01 3.006355999999999806e+00 6.936000000000000498e-02
5.559829032874427091e-01 3.006314999999999849e+00 7.282800000000000384e-02
5.584873307797283415e-01 3.006355999999999806e+00 6.936000000000000498e-02
5.610144227742068779e-01 3.006355999999999806e+00 6.936000000000000498e-02
5.635644883322713516e-01 3.006394999999999929e+00 6.589199999999999224e-02
5.661378421602726307e-01 3.009864000000000317e+00 6.593000000000000249e-02
5.687348047389895189e-01 3.009864000000000317e+00 6.593000000000000249e-02
5.713557024566807696e-01 3.009825000000000195e+00 6.940000000000000335e-02
5.740008677458319220e-01 3.009864000000000317e+00 6.593000000000000249e-02
5.766706392237196388e-01 3.009864000000000317e+00 6.593000000000000249e-02
5.793653618369145608e-01 3.009864000000000317e+00 6.593000000000000249e-02
5.820853870098577909e-01 3.013335000000000097e+00 6.596799999999999886e-02
5.848310727976401280e-01 3.013371999999999939e+00 6.249599999999999600e-02
5.876027840431266025e-01 3.013371999999999939e+00 6.249599999999999600e-02
5.904008925385700879e-01 3.016845000000000443e+00 6.253200000000000425e-02
5.932257771918646450e-01 3.016808000000000600e+00 6.600599999999999523e-02
5.960778241975948077e-01 3.016808000000000600e+00 6.600599999999999523e-02
5.989574272130421262e-01 3.016808000000000600e+00 6.600599999999999523e-02
6.018649875393189408e-01 3.016808000000000600e+00 6.600599999999999523e-02
6.048009143078035832e-01 3.016808000000000600e+00 6.600599999999999523e-02
6.077656246720574140e-01 3.016845000000000443e+00 6.253200000000000425e-02
6.107595440054173208e-01 3.020319999999999894e+00 6.256799999999999862e-02
6.137831061044539682e-01 3.020319999999999894e+00 6.256799999999999862e-02
6.168367533985060769e-01 3.023797000000000512e+00 6.260399999999999299e-02
6.199209371654985645e-01 3.023797000000000512e+00 6.260399999999999299e-02
6.230361177542699247e-01 3.023797000000000512e+00 6.260399999999999299e-02
6.261827648136348845e-01 3.027276000000000078e+00 6.264000000000000123e-02
6.293613575284249251e-01 3.027276000000000078e+00 6.264000000000000123e-02
6.325723848627536894e-01 3.030720000000000525e+00 6.615800000000000847e-02
6.358163458107677357e-01 3.030720000000000525e+00 6.615800000000000847e-02
6.390937496551531982e-01 3.030720000000000525e+00 6.615800000000000847e-02
6.424051162336772425e-01 3.030720000000000525e+00 6.615800000000000847e-02
6.457509762140610787e-01 3.030720000000000525e+00 6.615800000000000847e-02
6.491318713774854032e-01 3.030720000000000525e+00 6.615800000000000847e-02
6.525483549110511206e-01 3.030681000000000402e+00 6.964000000000000745e-02
6.560009917095223075e-01 3.030681000000000402e+00 6.964000000000000745e-02
6.594903586867005840e-01 3.027200000000000113e+00 6.959999999999999520e-02
6.630170450967898255e-01 3.023760000000000669e+00 6.608200000000000185e-02
6.665816528661274720e-01 3.023797000000000512e+00 6.260399999999999299e-02
6.701847969356741208e-01 3.027311000000000085e+00 5.916000000000000425e-02
6.738271056146722948e-01 3.030792000000000375e+00 5.919400000000001050e-02
6.775092209459000481e-01 3.034275000000000055e+00 5.922800000000000287e-02
6.812317990829653835e-01 3.034240000000000048e+00 6.271199999999998997e-02
6.849955106801088878e-01 3.034275000000000055e+00 5.922800000000000287e-02
6.888010412949984174e-01 3.037760000000000460e+00 5.926200000000000911e-02
6.926490918050263179e-01 3.037760000000000460e+00 5.926200000000000911e-02
6.965403788376388627e-01 3.041211999999999804e+00 6.278399999999999259e-02
7.004756352152525789e-01 3.041211999999999804e+00 6.278399999999999259e-02
7.044556104153393283e-01 3.037688000000000610e+00 6.623400000000000121e-02
7.084810710462841055e-01 3.037688000000000610e+00 6.623400000000000121e-02
7.125528013396534854e-01 3.037725000000000453e+00 6.274799999999999822e-02
7.166716036595359718e-01 3.041174999999999962e+00 6.627199999999999758e-02
7.208382990296494652e-01 3.041174999999999962e+00 6.627199999999999758e-02
7.250537276789457142e-01 3.041174999999999962e+00 6.627199999999999758e-02
7.293187496064689190e-01 3.041174999999999962e+00 6.627199999999999758e-02
7.336342451662705155e-01 3.041174999999999962e+00 6.627199999999999758e-02
7.380011156732125821e-01 3.041174999999999962e+00 6.627199999999999758e-02
7.424202840305372808e-01 3.041174999999999962e+00 6.627199999999999758e-02
7.468926953801188207e-01 3.041174999999999962e+00 6.627199999999999758e-02
7.514193177763619502e-01 3.041174999999999962e+00 6.627199999999999758e-02
7.560011428847543957e-01 3.041211999999999804e+00 6.278399999999999259e-02
7.606391867061332857e-01 3.041211999999999804e+00 6.278399999999999259e-02
7.653344903277760070e-01 3.044701000000000324e+00 6.282000000000000084e-02
7.700881207024826702e-01 3.044701000000000324e+00 6.282000000000000084e-02
7.749011714568732057e-01 3.044701000000000324e+00 6.282000000000000084e-02
7.797747637301868373e-01 3.044769000000000503e+00 5.584000000000000768e-02
7.847100470449348553e-01 3.044701000000000324e+00 6.282000000000000084e-02
7.897082002108262166e-01 3.048191999999999791e+00 6.285599999999999521e-02
7.947704322634596696e-01 3.048191999999999791e+00 6.285599999999999521e-02
7.998979834393529220e-01 3.051685000000000425e+00 6.289200000000000346e-02
8.050921261889592007e-01 3.048154999999999948e+00 6.634800000000000419e-02
8.103541662294099224e-01 3.048191999999999791e+00 6.285599999999999521e-02
8.156854436388139007e-01 3.051685000000000425e+00 6.289200000000000346e-02
8.210873339940378823e-01 3.051685000000000425e+00 6.289200000000000346e-02
8.265612495539981230e-01 3.051648000000000582e+00 6.638600000000000056e-02
8.321086404906020695e-01 3.051648000000000582e+00 6.638600000000000056e-02
8.377309961695926788e-01 3.055180000000000007e+00 6.292799999999999783e-02
8.434298464836715858e-01 3.055143000000000164e+00 6.642399999999999693e-02
8.492067632404090016e-01 3.055143000000000164e+00 6.642399999999999693e-02
8.550633616075842269e-01 3.055104000000000042e+00 6.991999999999999604e-02
8.610013016187479939e-01 3.055143000000000164e+00 6.642399999999999693e-02
8.670222897419560537e-01 3.055143000000000164e+00 6.642399999999999693e-02
8.731280805147867419e-01 3.055143000000000164e+00 6.642399999999999693e-02
8.793204782489342231e-01 3.055104000000000042e+00 6.991999999999999604e-02
8.856013388078551873e-01 3.055104000000000042e+00 6.991999999999999604e-02
8.919725714611490552e-01 3.058601000000000347e+00 6.996000000000000829e-02
8.984361408195632448e-01 3.055104000000000042e+00 6.991999999999999604e-02
9.049940688547423173e-01 3.055143000000000164e+00 6.642399999999999693e-02
9.116484370080860655e-01 3.055104000000000042e+00 6.991999999999999604e-02
9.184013883933311861e-01 3.055143000000000164e+00 6.642399999999999693e-02
9.252551300977589488e-01 3.055143000000000164e+00 6.642399999999999693e-02
9.322119355872158231e-01 3.055143000000000164e+00 6.642399999999999693e-02
9.392741472204523268e-01 3.055143000000000164e+00 6.642399999999999693e-02
9.464441788786237542e-01 3.055143000000000164e+00 6.642399999999999693e-02
9.537245187161516036e-01 3.058640000000000470e+00 6.646200000000000718e-02
9.611177320395326573e-01 3.058640000000000470e+00 6.646200000000000718e-02
9.686264643210914516e-01 3.058640000000000470e+00 6.646200000000000718e-02
9.762534443551158514e-01 3.058640000000000470e+00 6.646200000000000718e-02
9.840014875642834058e-01 3.058601000000000347e+00 6.996000000000000829e-02
9.918734994647977476e-01 3.058601000000000347e+00 6.996000000000000829e-02
9.998724792991912080e-01 3.058601000000000347e+00 6.996000000000000829e-02
1.008001523846339120e+00 3.058560000000000390e+00 7.345800000000000940e-02
1.016263831418850128e+00 3.058601000000000347e+00 6.996000000000000829e-02
1.024662706058675266e+00 3.058560000000000390e+00 7.345800000000000940e-02
1.033201561942497682e+00 3.058560000000000390e+00 7.345800000000000940e-02
1.041883928009241345e+00 3.058601000000000347e+00 6.996000000000000829e-02
1.050713452822878979e+00 3.058601000000000347e+00 6.996000000000000829e-02
1.059693909684612967e+00 3.058601000000000347e+00 6.996000000000000829e-02
1.068829202009480284e+00 3.058601000000000347e+00 6.996000000000000829e-02
1.078123368983475938e+00 3.058601000000000347e+00 6.996000000000000829e-02
1.087580591518418682e+00 3.058601000000000347e+00 6.996000000000000829e-02
1.097205198523006464e+00 3.058601000000000347e+00 6.996000000000000829e-02
1.107001673509818707e+00 3.058601000000000347e+00 6.996000000000000829e-02
1.116974661559456683e+00 3.058601000000000347e+00 6.996000000000000829e-02
1.127128976664542703e+00 3.058601000000000347e+00 6.996000000000000829e-02
1.137469609477979038e+00 3.058601000000000347e+00 6.996000000000000829e-02
1.148001735491663844e+00 3.058601000000000347e+00 6.996000000000000829e-02
1.158730723673829122e+00 3.058601000000000347e+00 6.996000000000000829e-02
1.169662145595280256e+00 3.058601000000000347e+00 6.996000000000000829e-02
1.180801785077140176e+00 3.058601000000000347e+00 6.996000000000000829e-02
1.192155648395189615e+00 3.058601000000000347e+00 6.996000000000000829e-02
1.203729975078637882e+00 3.058601000000000347e+00 6.996000000000000829e-02
1.215531249344114828e+00 3.058601000000000347e+00 6.996000000000000829e-02
1.227566212208907936e+00 3.058601000000000347e+00 6.996000000000000829e-02
1.239841874330997129e+00 3.058601000000000347e+00 6.996000000000000829e-02
1.252365529627269769e+00 3.058601000000000347e+00 6.996000000000000829e-02
1.265144769725507379e+00 3.062100000000000044e+00 7.000000000000000666e-02
1.278187499310306396e+00 3.062100000000000044e+00 7.000000000000000666e-02
1.291501952428122157e+00 3.062100000000000044e+00 7.000000000000000666e-02
1.305096709822102241e+00 3.062100000000000044e+00 7.000000000000000666e-02
1.318980717373401168e+00 3.062100000000000044e+00 7.000000000000000666e-02
1.333163305732254944e+00 3.062100000000000044e+00 7.000000000000000666e-02
1.347654211229344590e+00 3.062100000000000044e+00 7.000000000000000666e-02
1.362463598165930767e+00 3.062100000000000044e+00 7.000000000000000666e-02
1.377602082589996835e+00 3.062100000000000044e+00 7.000000000000000666e-02
1.393080757675277725e+00 3.062100000000000044e+00 7.000000000000000666e-02
1.408911220830678657e+00 3.062100000000000044e+00 7.000000000000000666e-02
1.425105602679306971e+00 3.062100000000000044e+00 7.000000000000000666e-02
1.441676598059298930e+00 3.062100000000000044e+00 7.000000000000000666e-02
1.458637499212937838e+00 3.062100000000000044e+00 7.000000000000000666e-02
1.476002231346425164e+00 3.062100000000000044e+00 7.000000000000000666e-02
1.493785390760237641e+00 3.062100000000000044e+00 7.000000000000000666e-02
1.512002285769508791e+00 3.062100000000000044e+00 7.000000000000000666e-02
1.530668980655552014e+00 3.062100000000000044e+00 7.000000000000000666e-02
1.549802342913746411e+00 3.062100000000000044e+00 7.000000000000000666e-02
1.569420094089869711e+00 3.062100000000000044e+00 7.000000000000000666e-02
1.589540864526919339e+00 3.062100000000000044e+00 7.000000000000000666e-02
1.610184252377918401e+00 3.062100000000000044e+00 7.000000000000000666e-02
1.631370887277627801e+00 3.062100000000000044e+00 7.000000000000000666e-02
1.653122499107996246e+00 3.062100000000000044e+00 7.000000000000000666e-02
1.675461992339185358e+00 3.062100000000000044e+00 7.000000000000000666e-02
1.698413526480818003e+00 3.062100000000000044e+00 7.000000000000000666e-02
1.722002603237495988e+00 3.065600999999999576e+00 7.003999999999999115e-02
1.746256161029573484e+00 3.065600999999999576e+00 7.003999999999999115e-02
1.771202677615710375e+00 3.065600999999999576e+00 7.003999999999999115e-02
1.796872281639126490e+00 3.065559999999999619e+00 7.354199999999999626e-02
1.823296874016172131e+00 3.065600999999999576e+00 7.003999999999999115e-02
1.850510260195517898e+00 3.065600999999999576e+00 7.003999999999999115e-02
1.878548294440904654e+00 3.065600999999999576e+00 7.003999999999999115e-02
1.907449037432303207e+00 3.065600999999999576e+00 7.003999999999999115e-02
1.937252928642182903e+00 3.065600999999999576e+00 7.003999999999999115e-02
1.968002975128566812e+00 3.065600999999999576e+00 7.003999999999999115e-02
1.999744958598382416e+00 3.065559999999999619e+00 7.354199999999999626e-02
2.032527662837700255e+00 3.065600999999999576e+00 7.003999999999999115e-02
2.066403123884995363e+00 3.069103999999999832e+00 7.008000000000000340e-02
2.101426905645757959e+00 3.069103999999999832e+00 7.008000000000000340e-02
2.137658404018960567e+00 3.069103999999999832e+00 7.008000000000000340e-02
2.175161183036837365e+00 3.069062999999999874e+00 7.358400000000001051e-02
2.214003347019637413e+00 3.069103999999999832e+00 7.008000000000000340e-02
2.254257953329085407e+00 3.072567999999999522e+00 7.362599999999999700e-02
2.296003470983327688e+00 3.072567999999999522e+00 7.362599999999999700e-02
2.339324291190560512e+00 3.072608999999999480e+00 7.012000000000000177e-02
2.384311296790379231e+00 3.072567999999999522e+00 7.362599999999999700e-02
2.431062498688229656e+00 3.072567999999999522e+00 7.362599999999999700e-02
2.479683748661994258e+00 3.076074999999999893e+00 7.366800000000001125e-02
2.530289539451014758e+00 3.076074999999999893e+00 7.366800000000001125e-02
2.583003904856244315e+00 3.076074999999999893e+00 7.366800000000001125e-02
2.637961434746802336e+00 3.076074999999999893e+00 7.366800000000001125e-02
2.695308422458689179e+00 3.076074999999999893e+00 7.366800000000001125e-02
2.755204165179993669e+00 3.076074999999999893e+00 7.366800000000001125e-02
2.817822441661357313e+00 3.076074999999999893e+00 7.366800000000001125e-02
2.883353196118597861e+00 3.076115999999999850e+00 7.016000000000000014e-02
2.952004462692850328e+00 3.076154999999999973e+00 6.665200000000000291e-02
3.024004571539017583e+00 3.079663999999999735e+00 6.668999999999999928e-02
3.099604685827492823e+00 3.083175000000000221e+00 6.672799999999999565e-02
3.179081729053838679e+00 3.086687999999999654e+00 6.676599999999999202e-02
3.262741774555255603e+00 3.086724999999999497e+00 6.325199999999998879e-02
3.350923984678370715e+00 3.086724999999999497e+00 6.325199999999998879e-02
3.444005206474991976e+00 3.086759999999999504e+00 5.973799999999999943e-02
3.542405355231420749e+00 3.090339000000000169e+00 5.273999999999999522e-02
3.646593748032344262e+00 3.097404000000000046e+00 4.928000000000000436e-02
3.757096588881809307e+00 3.100951999999999487e+00 4.578599999999999337e-02
3.874505857284365806e+00 3.104499999999999815e+00 4.228799999999999920e-02
3.999489917196764832e+00 3.104543999999999748e+00 3.524000000000000049e-02
4.132806247769990726e+00 3.104594999999999771e+00 2.466799999999999896e-02
4.275316808037921135e+00 3.122287999999999730e+00 3.533999999999999815e-03
4.428006694039274826e+00 3.139982999999999969e+00 -3.544000000000000275e-03
4.592006941966655376e+00 3.154160000000000075e+00 -1.420800000000000014e-02
4.768622593580758462e+00 3.164740999999999360e+00 -3.558000000000000052e-02
4.959367497323988516e+00 3.200264999999999915e+00 -5.724800000000000028e-02
5.166007809712488630e+00 3.214487999999999790e+00 -6.813400000000000012e-02
5.390616844917378359e+00 3.257349000000000050e+00 -9.385999999999999899e-02
5.635644883322714627e+00 3.299967999999999790e+00 -1.417259999999999909e-01
5.904008925385700657e+00 3.349856999999999640e+00 -1.904239999999999822e-01
