0.05112 -1.40385 14.34000
0.05746 -1.24776 12.26923
0.06381 -1.01544 10.66123
0.07016 -0.78526 9.29134
0.07650 -0.54228 8.15401
0.08285 -0.31424 7.18410
0.08919 -0.09305 6.39153
0.09554 0.11749 5.69449
0.10189 0.32658 5.09614
0.10823 0.54335 4.56458
0.11458 0.75077 4.11542
0.12092 0.94557 3.72322
0.12727 1.12914 3.37653
0.13362 1.29480 3.06220
0.13996 1.44528 2.78025
0.14631 1.58843 2.54539
0.15266 1.72483 2.32518
0.15900 1.85568 2.11863
0.16535 1.98158 1.93779
0.17169 2.10154 1.78672
0.17804 2.21536 1.64470
0.18439 2.32486 1.52546
0.19073 2.43033 1.41206
0.19708 2.53282 1.30595
0.20342 2.63156 1.21377
0.20977 2.72617 1.12836
0.21612 2.81680 1.05389
0.22246 2.88685 0.98296
0.22881 2.95575 0.92412
0.23515 3.02300 0.86743
0.24150 3.08822 0.81589
0.24785 3.15233 0.76540
0.25419 3.21367 0.72179
0.26054 3.27426 0.68264
0.26689 3.33323 0.64478
0.27323 3.39190 0.61224
0.27958 3.44875 0.57970
0.28592 3.50513 0.55100
0.29227 3.55978 0.52574
0.29862 3.61347 0.50048
0.30496 3.66618 0.47943
0.31131 3.71738 0.45978
0.31765 3.76833 0.44013
0.32400 3.81185 0.42389
0.33035 3.85537 0.40888
0.33669 3.89543 0.39387
0.34304 3.93264 0.38200
0.34939 3.96986 0.37096
0.35573 4.00509 0.35992
0.36208 4.04021 0.34969
0.36842 4.07505 0.34292
0.37477 4.10885 0.33615
0.38112 4.14266 0.32938
0.38746 4.18132 0.32315
0.39381 4.22945 0.32063
0.40015 4.27757 0.31901
0.40650 4.32516 0.32165
0.41285 4.37164 0.32429
0.41919 4.41813 0.32693
0.42554 4.46420 0.33285
0.43188 4.50820 0.34356
0.43823 4.55219 0.35427
0.44458 4.59619 0.36498
0.45092 4.64425 0.38148
0.45727 4.69307 0.40089
0.46362 4.74189 0.42031
0.46996 4.79025 0.44680
0.47631 4.83783 0.47985
0.48265 4.88540 0.51291
0.48900 4.93298 0.55757
0.49535 4.97623 0.60256
0.50169 5.01767 0.65683
0.50804 5.05911 0.71204
0.51438 5.10054 0.77053
0.52073 5.13509 0.82989
0.52708 5.16860 0.89794
0.53342 5.20210 0.97427
0.53977 5.23561 1.05168
0.54612 5.23346 1.13198
0.55246 5.22447 1.21228
0.55881 5.21548 1.29225
0.56515 5.20649 1.37212
0.57150 5.18840 1.45275
0.57785 5.16451 1.54417
0.58419 5.14062 1.63560
0.59054 5.11673 1.72541
0.59688 5.08445 1.79098
0.60323 5.01232 1.85655
0.60958 4.94018 1.92212
0.61592 4.86805 1.98768
0.62227 4.79591 2.03392
0.62861 4.71772 2.06453
0.63496 4.63384 2.09514
0.64131 4.54996 2.12575
0.64765 4.46608 2.15636
0.65400 4.38220 2.18696
0.66035 4.29422 2.21757
0.66669 4.20381 2.20301
0.67304 4.11341 2.17892
0.67938 4.02300 2.15483
0.68573 3.93259 2.11896
0.69208 3.85883 2.06208
0.69842 3.80202 2.00520
0.70477 3.74521 1.94547
0.71111 3.68839 1.87968
0.71746 3.63158 1.81389
0.72381 3.58143 1.74810
0.73015 3.58532 1.68231
0.73650 3.58921 1.61154
0.74285 3.59310 1.53962
0.74919 3.59699 1.46769
0.75554 3.60088 1.40493
0.76188 3.61960 1.34930
0.76823 3.65599 1.29367
0.77458 3.69239 1.23804
0.78092 3.72879 1.18650
0.78727 3.76519 1.14305
0.79361 3.80159 1.09960
0.79996 3.85334 1.06469
0.80631 3.91918 1.04691
0.81265 3.98502 1.02913
0.81900 4.05086 1.01135
0.82534 4.11669 1.00861
0.83169 4.18253 1.02293
0.83804 4.24389 1.03725
0.84438 4.29452 1.05157
0.85073 4.34515 1.06589
0.85708 4.39578 1.09509
0.86342 4.44641 1.13180
0.86977 4.49704 1.16851
0.87611 4.54766 1.20835
0.88246 4.57147 1.26143
0.88881 4.58662 1.31451
0.89515 4.60178 1.37187
0.90150 4.61694 1.43870
0.90784 4.63210 1.50554
0.91419 4.64726 1.57241
0.92054 4.66242 1.64163
0.92688 4.64088 1.71085
0.93323 4.61505 1.78007
0.93958 4.58923 1.84929
0.94592 4.56341 1.91097
0.95227 4.53758 1.96703
0.95861 4.51176 2.02308
0.96496 4.48594 2.07913
0.97131 4.44739 2.13519
0.97765 4.40321 2.18857
0.98400 4.35902 2.24131
0.99034 4.31484 2.29405
0.99669 4.27065 2.34678
1.00304 4.22646 2.37610
1.00938 4.18228 2.39316
1.01573 4.13477 2.41022
1.02207 4.06571 2.42727
1.02842 3.99665 2.44433
1.03477 3.92760 2.46139
1.04111 3.85854 2.47845
1.04746 3.78948 2.49551
1.05381 3.72043 2.49103
1.06015 3.65137 2.47396
1.06650 3.59160 2.45689
1.07284 3.56938 2.43982
1.07919 3.54717 2.42276
1.08554 3.52495 2.40569
1.09188 3.50274 2.38862
1.09823 3.48053 2.37155
1.10457 3.45831 2.36189
1.11092 3.43610 2.35662
1.11727 3.41388 2.35134
1.12361 3.39378 2.34607
1.12996 3.37398 2.34079
1.13631 3.35419 2.33552
1.14265 3.33440 2.33025
1.14900 3.31461 2.32497
1.15534 3.29481 2.31970
1.16169 3.27502 2.31443
1.16804 3.25523 2.31295
1.17438 3.23337 2.31585
1.18073 3.19762 2.31876
1.18707 3.16188 2.32166
1.19342 3.12613 2.32457
1.19977 3.09038 2.32747
1.20611 3.05464 2.33038
1.21246 3.01889 2.33328
1.21880 2.98314 2.33618
1.22515 2.94740 2.33909
1.23150 2.91165 2.33877
1.23784 2.89158 2.32267
1.24419 2.87227 2.30657
1.25054 2.85295 2.29048
1.25688 2.83364 2.27438
1.26323 2.81433 2.25828
1.26957 2.79502 2.24219
1.27592 2.77570 2.22609
1.28227 2.75639 2.20999
1.28861 2.73708 2.18482
1.29496 2.72189 2.15154
1.30130 2.71536 2.11826
1.30765 2.70883 2.08498
1.31400 2.70230 2.05170
1.32034 2.69577 2.01842
1.32669 2.68924 1.98773
1.33304 2.68271 1.95906
1.33938 2.67618 1.93040
1.34573 2.66965 1.90174
1.35207 2.66312 1.87308
1.35842 2.65790 1.84441
1.36477 2.65743 1.82085
1.37111 2.65696 1.80441
1.37746 2.65648 1.78797
1.38380 2.65601 1.77153
1.39015 2.65554 1.75509
1.39650 2.65507 1.73865
1.40284 2.65460 1.72221
1.40919 2.65413 1.70577
1.41553 2.65366 1.69869
1.42188 2.65319 1.69479
1.42823 2.65354 1.69089
1.43457 2.65444 1.68698
1.44092 2.65534 1.68308
1.44727 2.65624 1.67918
1.45361 2.65714 1.67528
1.45996 2.65803 1.67138
1.46630 2.65893 1.66748
1.47265 2.65983 1.66756
1.47900 2.66073 1.66784
1.48534 2.66163 1.66812
1.49169 2.66252 1.66839
1.49803 2.66336 1.66867
1.50438 2.66413 1.66894
1.51073 2.66490 1.66922
1.51707 2.66567 1.66950
1.52342 2.66644 1.66977
1.52977 2.66721 1.67005
1.53611 2.66798 1.67033
1.54246 2.66875 1.67060
1.54880 2.66952 1.67088
1.55515 2.67029 1.67115
1.56150 2.67106 1.67143
1.56784 2.67183 1.67164
1.57419 2.66888 1.66902
1.58053 2.66489 1.66641
1.58688 2.66089 1.66379
1.59323 2.65690 1.66117
1.59957 2.65290 1.65855
1.60592 2.64891 1.65594
1.61226 2.64492 1.65332
1.61861 2.64092 1.65070
1.62496 2.63693 1.64808
1.63130 2.63294 1.64547
1.63765 2.62894 1.64285
1.64400 2.62495 1.64023
1.65034 2.62085 1.63761
1.65669 2.61666 1.63500
1.66303 2.61246 1.63057
1.66938 2.60827 1.62462
1.67573 2.60408 1.61867
1.68207 2.59988 1.61272
1.68842 2.59569 1.60677
1.69476 2.59150 1.60082
1.70111 2.58730 1.59487
1.70746 2.58311 1.58892
1.71380 2.57892 1.58296
1.72015 2.57472 1.57701
1.72650 2.57053 1.57106
1.73284 2.56891 1.56511
1.73919 2.56876 1.55916
1.74553 2.56861 1.55321
1.75188 2.56846 1.54703
1.75823 2.56831 1.54004
1.76457 2.56817 1.53305
1.77092 2.56802 1.52606
1.77726 2.56787 1.51907
1.78361 2.56772 1.51209
1.78996 2.56757 1.50510
1.79630 2.56743 1.49811
1.80265 2.56728 1.49112
1.80899 2.56713 1.48413
1.81534 2.56709 1.47715
1.82169 2.56787 1.47016
1.82803 2.56864 1.46317
1.83438 2.56942 1.45618
1.84073 2.57019 1.44868
1.84707 2.57097 1.44073
1.85342 2.57174 1.43277
1.85976 2.57252 1.42482
1.86611 2.57329 1.41686
1.87246 2.57407 1.40891
1.87880 2.57485 1.40096
1.88515 2.57562 1.39300
1.89149 2.57640 1.38505
1.89784 2.57717 1.37709
1.90419 2.57795 1.36914
1.91053 2.57881 1.36119
1.91688 2.57969 1.35371
1.92323 2.58056 1.34707
1.92957 2.58143 1.34044
1.93592 2.58231 1.33381
1.94226 2.58318 1.32717
1.94861 2.58405 1.32054
1.95496 2.58492 1.31390
1.96130 2.58580 1.30727
1.96765 2.58667 1.30064
1.97399 2.58754 1.29400
1.98034 2.58842 1.28737
1.98669 2.58929 1.28073
1.99303 2.59016 1.27410
1.99938 2.59106 1.26747
2.00572 2.59247 1.26083
2.01207 2.59387 1.25556
2.01842 2.59528 1.25071
2.02476 2.59669 1.24585
2.03111 2.59810 1.24099
2.03746 2.59950 1.23613
2.04380 2.60091 1.23127
2.05015 2.60232 1.22642
2.05649 2.60373 1.22156
2.06284 2.60513 1.21670
2.06919 2.60654 1.21184
2.07553 2.60795 1.20699
2.08188 2.60936 1.20213
2.08822 2.61077 1.19727
2.09457 2.61217 1.19361
2.10092 2.61353 1.19015
2.10726 2.61481 1.18669
2.11361 2.61609 1.18322
2.11996 2.61737 1.17976
2.12630 2.61865 1.17629
2.13265 2.61993 1.17283
2.13899 2.62121 1.16936
2.14534 2.62249 1.16590
2.15169 2.62377 1.16244
2.15803 2.62505 1.15897
2.16438 2.62633 1.15551
2.17072 2.62761 1.15204
2.17707 2.62889 1.14858
2.18342 2.63017 1.14512
2.18976 2.63145 1.14165
2.19611 2.63273 1.13819
2.20245 2.63401 1.13710
2.20880 2.63570 1.13711
2.21515 2.63738 1.13711
2.22149 2.63907 1.13712
2.22784 2.64075 1.13712
2.23419 2.64243 1.13713
2.24053 2.64412 1.13713
2.24688 2.64580 1.13714
2.25322 2.64748 1.13714
2.25957 2.64917 1.13715
2.26592 2.65085 1.13715
2.27226 2.65254 1.13716
2.27861 2.65422 1.13716
2.28495 2.65590 1.13716
2.29130 2.65759 1.13717
2.29765 2.65927 1.13717
2.30399 2.66096 1.13718
2.31034 2.66264 1.13718
2.31669 2.66452 1.13719
2.32303 2.66646 1.13719
2.32938 2.66839 1.13720
2.33572 2.67033 1.13829
2.34207 2.67227 1.14051
2.34842 2.67420 1.14274
2.35476 2.67614 1.14496
2.36111 2.67808 1.14718
2.36745 2.68001 1.14940
2.37380 2.68195 1.15162
2.38015 2.68389 1.15384
2.38649 2.68582 1.15606
2.39284 2.68776 1.15828
2.39918 2.68970 1.16050
2.40553 2.69163 1.16273
2.41188 2.69357 1.16495
2.41822 2.69550 1.16717
2.42457 2.69744 1.16939
2.43092 2.69883 1.17161
2.43726 2.69998 1.17383
2.44361 2.70114 1.17614
2.44995 2.70230 1.17892
2.45630 2.70346 1.18170
2.46265 2.70462 1.18447
2.46899 2.70578 1.18725
2.47534 2.70694 1.19003
2.48168 2.70810 1.19280
2.48803 2.70926 1.19558
2.49438 2.71042 1.19836
2.50072 2.71158 1.20114
2.50707 2.71274 1.20391
2.51342 2.71390 1.20669
2.51976 2.71506 1.20947
2.52611 2.71622 1.21225
2.53245 2.71738 1.21502
2.53880 2.71854 1.21780
2.54515 2.71970 1.22058
2.55149 2.71807 1.22336
2.55784 2.71546 1.22613
2.56418 2.71284 1.22891
2.57053 2.71023 1.23169
2.57688 2.70762 1.23446
2.58322 2.70500 1.23711
2.58957 2.70239 1.23976
2.59591 2.69978 1.24241
2.60226 2.69717 1.24506
2.60861 2.69455 1.24771
2.61495 2.69194 1.25037
2.62130 2.68933 1.25302
2.62765 2.68671 1.25567
2.63399 2.68410 1.25832
2.64034 2.68149 1.26097
2.64668 2.67888 1.26362
2.65303 2.67626 1.26627
2.65938 2.67365 1.26893
2.66572 2.67104 1.27158
2.67207 2.66842 1.27423
2.67841 2.66592 1.27688
2.68476 2.66343 1.27953
2.69111 2.66094 1.28218
2.69745 2.65845 1.28484
2.70380 2.65596 1.28749
2.71015 2.65347 1.28952
2.71649 2.65098 1.29043
2.72284 2.64850 1.29135
2.72918 2.64601 1.29226
2.73553 2.64352 1.29317
2.74188 2.64103 1.29408
2.74822 2.63854 1.29499
2.75457 2.63605 1.29590
2.76091 2.63356 1.29682
2.76726 2.63107 1.29773
2.77361 2.62859 1.29864
2.77995 2.62610 1.29955
2.78630 2.62361 1.30046
2.79264 2.62112 1.30137
2.79899 2.61863 1.30229
2.80534 2.61614 1.30320
2.81168 2.61368 1.30411
2.81803 2.61122 1.30502
2.82438 2.60876 1.30593
2.83072 2.60630 1.30684
2.83707 2.60384 1.30775
2.84341 2.60138 1.30867
2.84976 2.59892 1.30958
2.85611 2.59646 1.31049
2.86245 2.59400 1.31140
2.86880 2.59154 1.31231
2.87514 2.58908 1.31242
2.88149 2.58662 1.31232
2.88784 2.58416 1.31222
2.89418 2.58170 1.31212
2.90053 2.57924 1.31202
2.90688 2.57678 1.31192
2.91322 2.57432 1.31182
2.91957 2.57186 1.31171
2.92591 2.56940 1.31161
2.93226 2.56694 1.31151
2.93861 2.56448 1.31141
2.94495 2.56202 1.31131
2.95130 2.55963 1.31121
2.95764 2.55724 1.31111
2.96399 2.55485 1.31101
2.97034 2.55246 1.31091
2.97668 2.55007 1.31081
2.98303 2.54768 1.31071
2.98937 2.54529 1.31061
2.99572 2.54291 1.31051
3.00207 2.54052 1.31041
3.00841 2.53813 1.31030
3.01476 2.53574 1.31020
3.02111 2.53335 1.31010
3.02745 2.53096 1.31000
3.03380 2.52857 1.30990
3.04014 2.52618 1.30980
3.04649 2.52379 1.30970
3.05284 2.52140 1.30960
3.05918 2.51902 1.30950
3.06553 2.51663 1.30940
3.07187 2.51424 1.30931
3.07822 2.51185 1.30970
3.08457 2.50946 1.31008
3.09091 2.50707 1.31047
3.09726 2.50479 1.31085
3.10361 2.50251 1.31124
3.10995 2.50024 1.31162
3.11630 2.49796 1.31201
3.12264 2.49568 1.31240
3.12899 2.49341 1.31278
3.13534 2.49113 1.31317
3.14168 2.48885 1.31355
3.14803 2.48658 1.31394
3.15437 2.48430 1.31432
3.16072 2.48202 1.31471
3.16707 2.47975 1.31510
3.17341 2.47747 1.31548
3.17976 2.47519 1.31587
3.18610 2.47291 1.31625
3.19245 2.47064 1.31664
3.19880 2.46836 1.31702
3.20514 2.46608 1.31741
3.21149 2.46381 1.31779
3.21784 2.46153 1.31818
3.22418 2.45925 1.31857
3.23053 2.45698 1.31895
3.23687 2.45470 1.31934
3.24322 2.45242 1.31972
3.24957 2.45216 1.32011
3.25591 2.45236 1.32049
3.26226 2.45255 1.32088
3.26860 2.45275 1.32127
3.27495 2.45295 1.32165
3.28130 2.45315 1.32204
3.28764 2.45334 1.32242
3.29399 2.45354 1.32281
3.30034 2.45374 1.32444
3.30668 2.45393 1.32647
3.31303 2.45413 1.32850
3.31937 2.45433 1.33053
3.32572 2.45453 1.33255
3.33207 2.45472 1.33458
3.33841 2.45492 1.33661
3.34476 2.45512 1.33864
3.35110 2.45531 1.34066
3.35745 2.45551 1.34269
3.36380 2.45571 1.34472
3.37014 2.45591 1.34674
3.37649 2.45610 1.34877
3.38283 2.45630 1.35080
3.38918 2.45650 1.35283
3.39553 2.45669 1.35485
3.40187 2.45689 1.35688
3.40822 2.45735 1.35891
3.41457 2.45814 1.36093
3.42091 2.45893 1.36296
3.42726 2.45972 1.36499
3.43360 2.46050 1.36702
3.43995 2.46129 1.36904
3.44630 2.46208 1.37107
3.45264 2.46287 1.37489
3.45899 2.46366 1.37884
3.46533 2.46445 1.38279
3.47168 2.46524 1.38673
3.47803 2.46602 1.39068
3.48437 2.46681 1.39462
3.49072 2.46760 1.39857
3.49707 2.46839 1.40251
3.50341 2.46918 1.40646
3.50976 2.46997 1.41040
3.51610 2.47076 1.41435
3.52245 2.47154 1.41830
3.52880 2.47233 1.42224
3.53514 2.47312 1.42619
3.54149 2.47391 1.43013
3.54783 2.47470 1.43408
3.55418 2.47549 1.43802
3.56053 2.47628 1.44197
3.56687 2.47706 1.44591
3.57322 2.47785 1.44986
3.57956 2.47841 1.45381
3.58591 2.47891 1.45775
3.59226 2.47941 1.46170
3.59860 2.47991 1.46564
3.60495 2.48041 1.46959
3.61130 2.48091 1.47353
3.61764 2.48141 1.47748
3.62399 2.48192 1.48178
3.63033 2.48242 1.48722
3.63668 2.48292 1.49267
3.64303 2.48342 1.49811
3.64937 2.48392 1.50356
3.65572 2.48442 1.50901
3.66206 2.48492 1.51445
3.66841 2.48542 1.51990
3.67476 2.48592 1.52535
3.68110 2.48643 1.53079
3.68745 2.48693 1.53624
3.69380 2.48743 1.54168
3.70014 2.48793 1.54713
3.70649 2.48843 1.55258
3.71283 2.48893 1.55802
3.71918 2.48943 1.56347
3.72553 2.48993 1.56891
3.73187 2.49043 1.57436
3.73822 2.49094 1.57981
3.74456 2.49144 1.58525
3.75091 2.49194 1.59070
3.75726 2.49099 1.59614
3.76360 2.48983 1.60159
3.76995 2.48867 1.60704
3.77629 2.48751 1.61248
3.78264 2.48635 1.61793
3.78899 2.48519 1.62337
3.79533 2.48403 1.62833
3.80168 2.48287 1.63330
3.80803 2.48172 1.63827
3.81437 2.48056 1.64323
3.82072 2.47940 1.64820
3.82706 2.47824 1.65317
3.83341 2.47708 1.65813
3.83976 2.47592 1.66310
3.84610 2.47476 1.66807
3.85245 2.47360 1.67303
3.85879 2.47244 1.67800
3.86514 2.47129 1.68296
3.87149 2.47013 1.68793
3.87783 2.46897 1.69290
3.88418 2.46781 1.69786
3.89053 2.46665 1.70283
3.89687 2.46549 1.70780
3.90322 2.46433 1.71276
3.90956 2.46317 1.71773
3.91591 2.46202 1.72270
3.92226 2.46086 1.72766
3.92860 2.45970 1.73263
3.93495 2.45854 1.73759
3.94129 2.45739 1.74256
3.94764 2.45625 1.74753
3.95399 2.45512 1.75253
3.96033 2.45398 1.75754
3.96668 2.45284 1.76255
3.97302 2.45171 1.76756
3.97937 2.45057 1.77257
3.98572 2.44943 1.77758
3.99206 2.44829 1.78259
3.99841 2.44716 1.78760
4.00476 2.44602 1.79261
4.01110 2.44488 1.79762
4.01745 2.44374 1.80263
4.02379 2.44261 1.80764
4.03014 2.44147 1.81265
4.03649 2.44033 1.81766
4.04283 2.43919 1.82267
4.04918 2.43806 1.82768
4.05552 2.43692 1.83269
4.06187 2.43578 1.83770
4.06822 2.43465 1.84271
4.07456 2.43351 1.84772
4.08091 2.43237 1.85273
4.08726 2.43123 1.85774
4.09360 2.43010 1.86275
4.09995 2.42896 1.86755
4.10629 2.42782 1.87230
4.11264 2.42668 1.87706
4.11899 2.42555 1.88181
4.12533 2.42441 1.88656
4.13168 2.42327 1.89131
4.13802 2.41808 1.89606
4.14437 2.41162 1.90081
4.15072 2.40515 1.90556
4.15706 2.39868 1.91031
4.16341 2.39222 1.91506
4.16975 2.38575 1.91981
4.17610 2.37928 1.92456
4.18245 2.37282 1.92931
4.18879 2.36635 1.93406
4.19514 2.35988 1.93882
4.20149 2.35342 1.94357
4.20783 2.34695 1.94832
4.21418 2.34048 1.95307
4.22052 2.33402 1.95782
4.22687 2.32755 1.96257
4.23322 2.32108 1.96732
4.23956 2.31462 1.97207
4.24591 2.30815 1.97682
4.25225 2.30168 1.98157
4.25860 2.29521 1.98632
4.26495 2.28875 1.99107
4.27129 2.28228 1.99583
4.27764 2.27581 2.00058
4.28399 2.26935 2.00533
4.29033 2.26288 2.01008
4.29668 2.25641 2.01525
4.30302 2.24995 2.02080
4.30937 2.24348 2.02635
4.31572 2.23701 2.03191
4.32206 2.23055 2.03746
4.32841 2.22408 2.04301
4.33475 2.21761 2.04856
4.34110 2.20993 2.05411
4.34745 2.20070 2.05966
4.35379 2.19147 2.06521
4.36014 2.18224 2.07076
4.36648 2.17301 2.07631
4.37283 2.16378 2.08186
4.37918 2.15455 2.08741
4.38552 2.14532 2.09296
4.39187 2.13609 2.09851
4.39822 2.12686 2.10406
4.40456 2.11763 2.10961
4.41091 2.10839 2.11516
4.41725 2.09916 2.12071
4.42360 2.08993 2.12626
4.42995 2.08070 2.13181
4.43629 2.07147 2.13737
4.44264 2.06224 2.14292
4.44898 2.05301 2.14847
4.45533 2.04378 2.15402
4.46168 2.03455 2.15957
4.46802 2.02532 2.16512
4.47437 2.01609 2.17067
4.48072 2.00686 2.17622
4.48706 1.99763 2.18177
4.49341 1.98840 2.18732
4.49975 1.97917 2.19068
4.50610 1.96994 2.19262
4.51245 1.96071 2.19456
4.51879 1.95148 2.19650
4.52514 1.94225 2.19844
4.53148 1.93302 2.20038
4.53783 1.92379 2.20232
4.54418 1.91456 2.20426
4.55052 1.90533 2.20620
4.55687 1.89267 2.20814
4.56321 1.87697 2.21008
4.56956 1.86127 2.21202
4.57591 1.84558 2.21396
4.58225 1.82988 2.21590
4.58860 1.81418 2.21784
4.59495 1.79849 2.21978
4.60129 1.78279 2.22172
4.60764 1.76709 2.22366
4.61398 1.75140 2.22560
4.62033 1.73570 2.22754
4.62668 1.72000 2.22948
4.63302 1.70431 2.23142
4.63937 1.68861 2.23336
4.64571 1.67291 2.23530
4.65206 1.65722 2.23724
4.65841 1.64152 2.23918
4.66475 1.62582 2.24112
4.67110 1.61012 2.24306
4.67745 1.59443 2.24500
4.68379 1.57873 2.24694
4.69014 1.56303 2.24888
4.69648 1.54734 2.25082
4.70283 1.53164 2.25276
4.70918 1.51594 2.25470
4.71552 1.50025 2.25664
4.72187 1.48455 2.25494
4.72821 1.46885 2.24788
4.73456 1.45316 2.24082
4.74091 1.43746 2.23376
4.74725 1.42176 2.22669
4.75360 1.40607 2.21963
4.75994 1.39037 2.21257
4.76629 1.37467 2.20551
4.77264 1.35898 2.19844
4.77898 1.34328 2.19138
4.78533 1.32988 2.18432
4.79168 1.31668 2.17726
4.79802 1.30349 2.17020
4.80437 1.29029 2.16313
4.81071 1.27710 2.15607
4.81706 1.26390 2.14901
4.82341 1.25071 2.14195
4.82975 1.23751 2.13488
4.83610 1.22432 2.12782
4.84244 1.21112 2.12076
4.84879 1.19792 2.11370
4.85514 1.18473 2.10663
4.86148 1.17153 2.09957
4.86783 1.15834 2.09251
4.87418 1.14514 2.08545
4.88052 1.13195 2.07839
4.88687 1.11875 2.07132
4.89321 1.10556 2.06426
4.89956 1.09236 2.05720
4.90591 1.07917 2.05014
4.91225 1.06597 2.04226
4.91860 1.05277 2.02725
4.92494 1.03958 2.01224
4.93129 1.02638 1.99724
4.93764 1.01319 1.98223
4.94398 0.99999 1.96722
4.95033 0.98680 1.95221
4.95667 0.97360 1.93720
4.96302 0.96041 1.92220
4.96937 0.94721 1.90719
4.97571 0.93402 1.89218
4.98206 0.92082 1.87717
4.98841 0.90762 1.86217
4.99475 0.89443 1.84716
5.00110 0.88123 1.83215
5.00744 0.86804 1.81731
5.01379 0.85484 1.80249
5.02014 0.84772 1.78766
5.02648 0.84543 1.77283
5.03283 0.84313 1.75800
5.03917 0.84084 1.74318
5.04552 0.83854 1.72835
5.05187 0.83625 1.71352
5.05821 0.83395 1.69870
5.06456 0.83166 1.68387
5.07091 0.82936 1.66904
5.07725 0.82707 1.65421
5.08360 0.82477 1.63939
5.08994 0.82248 1.62456
5.09629 0.82018 1.60973
5.10264 0.81789 1.59569
5.10898 0.81560 1.58223
5.11533 0.81330 1.56877
5.12167 0.81101 1.55531
5.12802 0.80871 1.54185
5.13437 0.80642 1.52839
5.14071 0.80412 1.51493
5.14706 0.80183 1.50147
5.15340 0.79953 1.48801
5.15975 0.79724 1.47455
5.16610 0.79494 1.46109
5.17244 0.79265 1.44763
5.17879 0.79035 1.43417
5.18514 0.78806 1.42071
5.19148 0.78576 1.40725
5.19783 0.78347 1.39379
5.20417 0.78117 1.38033
5.21052 0.77888 1.37044
5.21687 0.77659 1.36094
5.22321 0.77429 1.35144
5.22956 0.77200 1.34194
5.23590 0.76970 1.33245
5.24225 0.76741 1.32295
5.24860 0.76511 1.31345
5.25494 0.76282 1.30395
5.26129 0.76052 1.29445
5.26764 0.76032 1.28496
5.27398 0.76423 1.27546
5.28033 0.76814 1.26596
5.28667 0.77205 1.25646
5.29302 0.77596 1.24696
5.29937 0.77987 1.23746
5.30571 0.78378 1.22797
5.31206 0.78769 1.21847
5.31840 0.79160 1.20897
5.32475 0.79551 1.19947
5.33110 0.79942 1.18919
5.33744 0.80333 1.17878
5.34379 0.80724 1.16838
5.35013 0.81115 1.15797
5.35648 0.81506 1.14757
5.36283 0.81897 1.13716
5.36917 0.82288 1.12676
5.37552 0.82679 1.11635
5.38187 0.83070 1.10594
5.38821 0.83461 1.09554
5.39456 0.83852 1.08513
5.40090 0.84243 1.07473
5.40725 0.84634 1.06654
5.41360 0.85025 1.05969
5.41994 0.85416 1.05283
5.42629 0.85807 1.04598
5.43263 0.86198 1.03913
5.43898 0.86589 1.03228
5.44533 0.86980 1.02543
5.45167 0.87371 1.01858
5.45802 0.87762 1.01173
5.46437 0.88153 1.00488
5.47071 0.88544 0.99803
5.47706 0.88935 0.99118
5.48340 0.89326 0.98433
5.48975 0.89717 0.97748
5.49610 0.90108 0.97063
5.50244 0.90499 0.96378
5.50879 0.90890 0.95693
5.51513 0.91281 0.95007
5.52148 0.91672 0.94322
5.52783 0.92069 0.93637
5.53417 0.92495 0.92952
5.54052 0.92921 0.92467
5.54686 0.93346 0.92035
5.55321 0.93772 0.91603
5.55956 0.94198 0.91170
5.56590 0.94624 0.90738
5.57225 0.95050 0.90306
5.57860 0.95476 0.89874
5.58494 0.95902 0.89441
5.59129 0.96327 0.89009
5.59763 0.96753 0.88577
5.60398 0.97179 0.88145
5.61033 0.97605 0.87713
5.61667 0.98031 0.87280
5.62302 0.98457 0.86848
5.62936 0.98883 0.86416
5.63571 0.99308 0.85984
5.64206 0.99734 0.85551
5.64840 1.00160 0.85119
5.65475 1.00586 0.84687
5.66110 1.01012 0.84255
5.66744 1.01438 0.83822
5.67379 1.01863 0.83463
5.68013 1.02289 0.83196
5.68648 1.02715 0.82929
5.69283 1.03141 0.82662
5.69917 1.03567 0.82394
5.70552 1.03993 0.82127
5.71186 1.04419 0.81860
5.71821 1.04844 0.81593
5.72456 1.05270 0.81326
5.73090 1.05696 0.81059
5.73725 1.06122 0.80792
5.74359 1.06548 0.80525
5.74994 1.06974 0.80258
5.75629 1.07400 0.79991
5.76263 1.07825 0.79724
5.76898 1.08251 0.79457
5.77533 1.08677 0.79190
5.78167 1.09103 0.78923
5.78802 1.09529 0.78656
5.79436 1.09955 0.78389
5.80071 1.10381 0.78122
5.80706 1.10646 0.77855
5.81340 1.10904 0.77587
5.81975 1.11162 0.77320
5.82609 1.11420 0.77053
5.83244 1.11678 0.76786
5.83879 1.11936 0.76519
5.84513 1.12194 0.76252
5.85148 1.12452 0.75985
5.85783 1.12710 0.75718
5.86417 1.12968 0.75525
5.87052 1.13226 0.75355
5.87686 1.13484 0.75185
5.88321 1.13742 0.75015
5.88956 1.14000 0.74845
5.89590 1.14258 0.74675
5.90225 1.14516 0.74505
5.90859 1.14774 0.74335
5.91494 1.15032 0.74164
5.92129 1.15290 0.73994
5.92763 1.15548 0.73824
5.93398 1.15806 0.73654
5.94032 1.16064 0.73484
5.94667 1.16322 0.73314
5.95302 1.16580 0.73144
5.95936 1.16838 0.72973
5.96571 1.17096 0.72803
5.97206 1.17354 0.72633
5.97840 1.17612 0.72463
5.98475 1.17870 0.72293
5.99109 1.18128 0.72123
5.99744 1.18386 0.71953
6.00379 1.18644 0.71783
6.01013 1.18902 0.71612
6.01648 1.19160 0.71442
6.02282 1.19418 0.71272
6.02917 1.19676 0.71102
6.03552 1.19934 0.70932
6.04186 1.20192 0.70762
6.04821 1.20450 0.70592
6.05456 1.20708 0.70422
6.06090 1.20966 0.70251
6.06725 1.21224 0.70081
6.07359 1.21482 0.69911
6.07994 1.21740 0.69741
6.08629 1.21998 0.69571
6.09263 1.22221 0.69401
6.09898 1.22420 0.69231
6.10532 1.22620 0.69060
6.11167 1.22819 0.68890
6.11802 1.23019 0.68720
6.12436 1.23218 0.68556
6.13071 1.23418 0.68396
6.13705 1.23617 0.68235
6.14340 1.23817 0.68074
6.14975 1.24017 0.67914
6.15609 1.24216 0.67753
6.16244 1.24416 0.67593
6.16879 1.24615 0.67432
6.17513 1.24815 0.67271
6.18148 1.25014 0.67111
6.18782 1.25214 0.66950
6.19417 1.25414 0.66790
6.20052 1.25613 0.66629
6.20686 1.25813 0.66468
6.21321 1.26012 0.66308
6.21955 1.26212 0.66147
6.22590 1.26411 0.65987
6.23225 1.26611 0.65826
6.23859 1.26810 0.65665
6.24494 1.27010 0.65505
6.25129 1.27210 0.65344
6.25763 1.27409 0.65184
6.26398 1.27609 0.65023
6.27032 1.27808 0.64862
6.27667 1.28008 0.64702
6.28302 1.28207 0.64541
6.28936 1.28407 0.64381
6.29571 1.28607 0.64220
6.30205 1.28806 0.64059
6.30840 1.29006 0.63899
6.31475 1.29205 0.63738
6.32109 1.29405 0.63578
6.32744 1.29604 0.63417
6.33378 1.29804 0.63256
6.34013 1.30003 0.63096
6.34648 1.30203 0.62935
6.35282 1.30403 0.62774
6.35917 1.30602 0.62614
6.36552 1.30802 0.62453
6.37186 1.31001 0.62293
6.37821 1.31201 0.62134
6.38455 1.31400 0.61991
6.39090 1.31600 0.61848
