0.05158 -215.77007 220.29000
0.05776 -190.50778 173.50823
0.06395 -168.30398 138.03263
0.07014 -148.92126 110.64093
0.07633 -132.05837 90.95721
0.08251 -117.40234 74.54373
0.08870 -104.65613 62.41341
0.09489 -94.93328 52.70668
0.10107 -84.70038 44.44777
0.10726 -75.91732 38.17180
0.11345 -68.34023 32.70223
0.11964 -61.50976 28.45917
0.12582 -55.49026 24.77265
0.13201 -50.18042 21.72770
0.13820 -45.54092 19.08693
0.14439 -41.34566 16.84154
0.15057 -37.49127 14.98622
0.15676 -34.10605 13.52705
0.16295 -30.99974 12.14353
0.16913 -28.32918 10.89968
0.17532 -25.92845 9.82331
0.18151 -23.66480 8.92869
0.18770 -21.56940 8.11582
0.19388 -19.64366 7.40949
0.20007 -17.87075 6.78836
0.20626 -16.34956 6.20550
0.21244 -14.89448 5.75845
0.21863 -13.54125 5.31928
0.22482 -12.32118 4.94173
0.23101 -11.15782 4.58356
0.23719 -10.08375 4.26859
0.24338 -9.02740 3.96504
0.24957 -8.10548 3.71098
0.25575 -7.19938 3.46706
0.26194 -6.40067 3.26887
0.26813 -5.60756 3.07067
0.27432 -4.87563 2.90084
0.28050 -4.14369 2.73893
0.28669 -3.50708 2.58665
0.29288 -2.87682 2.46442
0.29907 -2.27820 2.34219
0.30525 -1.69416 2.23426
0.31144 -1.13565 2.13586
0.31763 -0.63140 2.03746
0.32381 -0.12715 1.95331
0.33000 0.32532 1.88042
0.33619 0.76787 1.80752
0.34238 1.20185 1.74188
0.34856 1.60775 1.69112
0.35475 2.01365 1.64037
0.36094 2.40667 1.58961
0.36712 2.78675 1.55230
0.37331 3.16683 1.52352
0.37950 3.53521 1.49474
0.38569 3.89669 1.46596
0.39187 4.25816 1.44054
0.39806 4.59728 1.43270
0.40425 4.92246 1.42486
0.41044 5.24763 1.41702
0.41662 5.57972 1.40918
0.42281 5.92011 1.41282
0.42900 6.26050 1.42010
0.43518 6.60291 1.43823
0.44137 6.95835 1.45944
0.44756 7.31380 1.48065
0.45375 7.66924 1.50185
0.45993 8.05312 1.55604
0.46612 8.45220 1.61756
0.47231 8.85128 1.68637
0.47849 9.25036 1.77133
0.48468 9.70472 1.87589
0.49087 10.15932 1.98046
0.49706 10.61392 2.13057
0.50324 11.07145 2.34164
0.50943 11.54467 2.56318
0.51562 12.01790 2.79083
0.52180 12.49113 3.11759
0.52799 12.95970 3.52904
0.53418 13.39701 3.96759
0.54037 13.83433 4.49953
0.54655 14.27164 5.12367
0.55274 14.70896 5.90083
0.55893 14.94112 6.69853
0.56512 15.15089 7.56096
0.57130 15.36066 8.52859
0.57749 15.57043 9.51318
0.58368 15.46931 10.52270
0.58986 15.00817 11.66445
0.59605 14.54703 12.86925
0.60224 14.08588 14.21831
0.60843 13.62474 15.32050
0.61461 12.59914 16.19606
0.62080 11.43715 17.07161
0.62699 10.27515 17.88110
0.63317 9.11316 18.34689
0.63936 7.95117 18.81268
0.64555 6.66348 19.27847
0.65174 5.36407 19.33729
0.65792 4.06466 19.11442
0.66411 2.76525 18.82746
0.67030 1.46584 18.16436
0.67649 0.63144 17.50126
0.68267 -0.07416 16.83816
0.68886 -0.77975 16.09117
0.69505 -1.48535 15.11721
0.70123 -2.19095 14.14325
0.70742 -2.63557 13.21118
0.71361 -2.68244 12.32653
0.71980 -2.72932 11.44189
0.72598 -2.77619 10.49090
0.73217 -2.82306 9.52550
0.73836 -2.86993 8.87344
0.74454 -2.69394 8.25195
0.75073 -2.44069 7.66997
0.75692 -2.18744 7.19213
0.76311 -1.93419 6.71429
0.76929 -1.68094 6.32409
0.77548 -1.42768 5.99758
0.78167 -1.18915 5.67106
0.78786 -0.95412 5.41600
0.79404 -0.71909 5.24654
0.80023 -0.48406 5.07707
0.80642 -0.24903 4.90761
0.81260 -0.01400 4.73814
0.81879 0.16627 4.60339
0.82498 0.30669 4.50479
0.83117 0.44710 4.40619
0.83735 0.58752 4.30758
0.84354 0.72794 4.20898
0.84973 0.86836 4.11038
0.85591 1.00860 4.02771
0.86210 1.14485 3.95301
0.86829 1.28109 3.87830
0.87448 1.41734 3.80360
0.88066 1.55359 3.72890
0.88685 1.68983 3.65420
0.89304 1.82608 3.57950
0.89922 1.96304 3.50480
0.90541 2.10324 3.46118
0.91160 2.24345 3.42644
0.91779 2.38366 3.39170
0.92397 2.52387 3.35696
0.93016 2.66408 3.32222
0.93635 2.80429 3.28748
0.94254 2.94449 3.25274
0.94872 3.06702 3.21800
0.95491 3.18910 3.18326
0.96110 3.31118 3.19651
0.96728 3.43326 3.21891
0.97347 3.55534 3.24130
0.97966 3.67741 3.26370
0.98585 3.79949 3.28609
0.99203 3.91130 3.34940
0.99822 4.00858 3.41980
1.00441 4.10586 3.49020
1.01059 4.20314 3.56060
1.01678 4.30042 3.64275
1.02297 4.39771 3.73713
1.02916 4.49499 3.83152
1.03534 4.59227 3.92590
1.04153 4.65139 4.02028
1.04772 4.66891 4.11467
1.05391 4.68644 4.21044
1.06009 4.70397 4.33504
1.06628 4.72149 4.45964
1.07247 4.73902 4.58424
1.07865 4.75655 4.70884
1.08484 4.77407 4.83344
1.09103 4.77710 4.95804
1.09722 4.69691 5.06612
1.10340 4.61673 5.17144
1.10959 4.53654 5.27676
1.11578 4.45636 5.38209
1.12196 4.37617 5.48741
1.12815 4.29599 5.59274
1.13434 4.21580 5.69806
1.14053 4.13561 5.80339
1.14671 4.04268 5.90871
1.15290 3.93109 5.95269
1.15909 3.81951 5.99445
1.16527 3.70793 6.03620
1.17146 3.59634 6.07796
1.17765 3.48476 6.11972
1.18384 3.37318 6.16147
1.19002 3.26159 6.14015
1.19621 3.15001 6.10264
1.20240 3.03471 6.06512
1.20859 2.90692 6.02761
1.21477 2.77912 5.99010
1.22096 2.65133 5.95258
1.22715 2.52354 5.91507
1.23333 2.39575 5.87756
1.23952 2.26795 5.84005
1.24571 2.14016 5.80253
1.25190 2.01237 5.70257
1.25808 1.88457 5.58532
1.26427 1.81082 5.46807
1.27046 1.77362 5.35081
1.27664 1.73643 5.23356
1.28283 1.69924 5.11631
1.28902 1.66205 4.99906
1.29521 1.62485 4.89137
1.30139 1.58766 4.78477
1.30758 1.55047 4.67817
1.31377 1.51328 4.57157
1.31996 1.47608 4.46497
1.32614 1.47581 4.35837
1.33233 1.51444 4.25177
1.33852 1.55308 4.15423
1.34470 1.59171 4.06348
1.35089 1.63035 3.97273
1.35708 1.66898 3.88198
1.36327 1.70762 3.79124
1.36945 1.74625 3.70049
1.37564 1.78489 3.60974
1.38183 1.82352 3.52886
1.38801 1.86216 3.45375
1.39420 1.92817 3.37863
1.40039 1.99810 3.30351
1.40658 2.06803 3.22839
1.41276 2.13797 3.15364
1.41895 2.20790 3.13104
1.42514 2.27784 3.10844
1.43132 2.34777 3.08584
1.43751 2.41770 3.06324
1.44370 2.48764 3.04063
1.44989 2.55757 3.01803
1.45607 2.62751 2.99543
1.46226 2.68683 2.97283
1.46845 2.74235 2.96960
1.47464 2.79787 2.98484
1.48082 2.85338 3.00008
1.48701 2.90890 3.01532
1.49320 2.96442 3.03056
1.49938 3.01993 3.04580
1.50557 3.07545 3.06104
1.51176 3.13097 3.07628
1.51795 3.18648 3.10540
1.52413 3.24200 3.13666
1.53032 3.29482 3.16791
1.53651 3.29091 3.19916
1.54269 3.28700 3.23041
1.54888 3.28309 3.26167
1.55507 3.27918 3.29292
1.56126 3.27527 3.32417
1.56744 3.27135 3.35288
1.57363 3.26744 3.38151
1.57982 3.26353 3.41014
1.58601 3.25962 3.43877
1.59219 3.25571 3.46740
1.59838 3.25180 3.49603
1.60457 3.24789 3.52466
1.61075 3.22347 3.55329
1.61694 3.19303 3.58192
1.62313 3.16260 3.61055
1.62932 3.13216 3.63918
1.63550 3.10173 3.66781
1.64169 3.07129 3.69644
1.64788 3.04086 3.72507
1.65406 3.01042 3.74259
1.66025 2.97999 3.75592
1.66644 2.94955 3.76926
1.67263 2.91911 3.78259
1.67881 2.88868 3.79593
1.68500 2.85824 3.80926
1.69119 2.83266 3.82260
1.69737 2.80766 3.83593
1.70356 2.78266 3.83255
1.70975 2.75766 3.82017
1.71594 2.73266 3.80778
1.72212 2.70766 3.79540
1.72831 2.68266 3.78301
1.73450 2.65766 3.77063
1.74069 2.63266 3.75825
1.74687 2.60766 3.74586
1.75306 2.58266 3.73348
1.75925 2.55766 3.72109
1.76543 2.53266 3.70658
1.77162 2.51305 3.68024
1.77781 2.50248 3.65389
1.78400 2.49191 3.62755
1.79018 2.48134 3.60121
1.79637 2.47077 3.57486
1.80256 2.46020 3.54852
1.80874 2.44963 3.52218
1.81493 2.43906 3.49583
1.82112 2.42849 3.46949
1.82731 2.41792 3.44315
1.83349 2.40735 3.41681
1.83968 2.39678 3.39046
1.84587 2.38621 3.36412
1.85206 2.37564 3.33778
1.85824 2.36851 3.31143
1.86443 2.37677 3.28509
1.87062 2.38503 3.26026
1.87680 2.39329 3.23683
1.88299 2.40155 3.21340
1.88918 2.40980 3.18997
1.89537 2.41806 3.16654
1.90155 2.42632 3.14311
1.90774 2.43458 3.11968
1.91393 2.44284 3.09625
1.92011 2.45110 3.07282
1.92630 2.45936 3.04939
1.93249 2.46761 3.02596
1.93868 2.47587 3.00253
1.94486 2.48413 2.97910
1.95105 2.49570 2.95568
1.95724 2.51540 2.93225
1.96342 2.53510 2.90882
1.96961 2.55480 2.88539
1.97580 2.57450 2.87080
1.98199 2.59421 2.86416
1.98817 2.61391 2.85752
1.99436 2.63361 2.85088
2.00055 2.65331 2.84423
2.00674 2.67301 2.83759
2.01292 2.69271 2.83095
2.01911 2.71241 2.82431
2.02530 2.73211 2.81767
2.03148 2.75181 2.81103
2.03767 2.77151 2.80438
2.04386 2.79121 2.79774
2.05005 2.80539 2.79110
2.05623 2.81667 2.78446
2.06242 2.82794 2.77782
2.06861 2.83922 2.77118
2.07479 2.85050 2.76453
2.08098 2.86177 2.75789
2.08717 2.87305 2.75125
2.09336 2.88432 2.74461
2.09954 2.89560 2.73797
2.10573 2.90688 2.73132
2.11192 2.91815 2.72468
2.11811 2.92943 2.71804
2.12429 2.94070 2.71945
2.13048 2.95198 2.72468
2.13667 2.96326 2.72991
2.14285 2.97453 2.73514
2.14904 2.98436 2.74038
2.15523 2.98981 2.74561
2.16142 2.99527 2.75084
2.16760 3.00073 2.75607
2.17379 3.00618 2.76131
2.17998 3.01164 2.76654
2.18616 3.01709 2.77177
2.19235 3.02255 2.77701
2.19854 3.02801 2.78328
2.20473 3.03346 2.78961
2.21091 3.03892 2.79595
2.21710 3.04437 2.80229
2.22329 3.04983 2.80862
2.22947 3.05529 2.81496
2.23566 3.06074 2.82129
2.24185 3.06620 2.82763
2.24804 3.07165 2.83396
2.25422 3.07704 2.84030
2.26041 3.07886 2.84664
2.26660 3.08069 2.85297
2.27279 3.08252 2.85931
2.27897 3.08434 2.86564
2.28516 3.08617 2.87198
2.29135 3.08799 2.87831
2.29753 3.08982 2.88465
2.30372 3.09165 2.89099
2.30991 3.09347 2.89760
2.31610 3.09530 2.90430
2.32228 3.09713 2.91100
2.32847 3.09895 2.91770
2.33466 3.10078 2.92440
2.34084 3.10260 2.93109
2.34703 3.10443 2.93779
2.35322 3.10626 2.94449
2.35941 3.10808 2.95119
2.36559 3.10991 2.95789
2.37178 3.10845 2.96459
2.37797 3.10681 2.97129
2.38416 3.10518 2.97799
2.39034 3.10355 2.98469
2.39653 3.10191 2.99045
2.40272 3.10028 2.99530
2.40890 3.09864 3.00015
2.41509 3.09701 3.00500
2.42128 3.09538 3.00985
2.42747 3.09374 3.01470
2.43365 3.09211 3.01955
2.43984 3.09048 3.02440
2.44603 3.08884 3.02925
2.45221 3.08721 3.03410
2.45840 3.08557 3.03895
2.46459 3.08394 3.04380
2.47078 3.08231 3.04866
2.47696 3.08067 3.05351
2.48315 3.07904 3.05836
2.48934 3.07640 3.06321
2.49553 3.07375 3.06806
2.50171 3.07109 3.07291
2.50790 3.06843 3.07776
2.51409 3.06577 3.08221
2.52027 3.06311 3.08614
2.52646 3.06045 3.09007
2.53265 3.05779 3.09400
2.53884 3.05513 3.09793
2.54502 3.05247 3.10185
2.55121 3.04981 3.10578
2.55740 3.04715 3.10971
2.56358 3.04449 3.11364
2.56977 3.04183 3.11757
2.57596 3.03917 3.12150
2.58215 3.03651 3.12543
2.58833 3.03385 3.12936
2.59452 3.03119 3.13329
2.60071 3.02853 3.13722
2.60689 3.02564 3.14115
2.61308 3.01818 3.14508
2.61927 3.01071 3.14901
2.62546 3.00325 3.15294
2.63164 2.99578 3.15687
2.63783 2.98832 3.16080
2.64402 2.98086 3.16473
2.65021 2.97339 3.16866
2.65639 2.96593 3.17259
2.66258 2.95846 3.17652
2.66877 2.95100 3.18045
2.67495 2.94353 3.18438
2.68114 2.93607 3.18831
2.68733 2.92860 3.19224
2.69352 2.92114 3.19617
2.69970 2.91367 3.20010
2.70589 2.90621 3.20403
2.71208 2.89874 3.20796
2.71826 2.89128 3.21189
2.72445 2.88381 3.21582
2.73064 2.87635 3.21975
2.73683 2.86902 3.22287
2.74301 2.86251 3.22535
2.74920 2.85599 3.22782
2.75539 2.84948 3.23030
2.76158 2.84296 3.23277
2.76776 2.83645 3.23524
2.77395 2.82993 3.23772
2.78014 2.82342 3.24019
2.78632 2.81690 3.24267
2.79251 2.81039 3.24514
2.79870 2.80387 3.24762
2.80489 2.79736 3.25009
2.81107 2.79084 3.25257
2.81726 2.78433 3.25504
2.82345 2.77781 3.25752
2.82963 2.77130 3.25999
2.83582 2.76478 3.26247
2.84201 2.75827 3.26494
2.84820 2.75175 3.26742
2.85438 2.74523 3.26989
2.86057 2.73872 3.27237
2.86676 2.73220 3.27484
2.87294 2.72643 3.27732
2.87913 2.72361 3.27979
2.88532 2.72079 3.28227
2.89151 2.71797 3.28474
2.89769 2.71514 3.28722
2.90388 2.71232 3.28969
2.91007 2.70950 3.29217
2.91626 2.70668 3.29464
2.92244 2.70385 3.29712
2.92863 2.70103 3.29959
2.93482 2.69821 3.30207
2.94100 2.69539 3.30454
2.94719 2.69257 3.30702
2.95338 2.68974 3.30949
2.95957 2.68692 3.31197
2.96575 2.68410 3.31444
2.97194 2.68128 3.31513
2.97813 2.67845 3.31560
2.98431 2.67563 3.31608
2.99050 2.67281 3.31655
2.99669 2.66999 3.31703
3.00288 2.66717 3.31750
3.00906 2.66434 3.31798
3.01525 2.66147 3.31845
3.02144 2.65832 3.31893
3.02763 2.65518 3.31940
3.03381 2.65204 3.31988
3.04000 2.64889 3.32035
3.04619 2.64575 3.32083
3.05237 2.64261 3.32130
3.05856 2.63946 3.32178
3.06475 2.63632 3.32225
3.07094 2.63318 3.32273
3.07712 2.63003 3.32320
3.08331 2.62689 3.32368
3.08950 2.62375 3.32415
3.09568 2.62060 3.32463
3.10187 2.61746 3.32510
3.10806 2.61432 3.32558
3.11425 2.61117 3.32605
3.12043 2.60803 3.32653
3.12662 2.60489 3.32700
3.13281 2.60174 3.32748
3.13899 2.59860 3.32795
3.14518 2.59546 3.32843
3.15137 2.59232 3.32890
3.15756 2.58917 3.32938
3.16374 2.58603 3.32985
3.16993 2.58249 3.33033
3.17612 2.57894 3.33080
3.18231 2.57539 3.33128
3.18849 2.57185 3.33175
3.19468 2.56830 3.33223
3.20087 2.56475 3.33270
3.20705 2.56120 3.33318
3.21324 2.55766 3.33365
3.21943 2.55411 3.33413
3.22562 2.55056 3.33460
3.23180 2.54702 3.33508
3.23799 2.54347 3.33551
3.24418 2.53992 3.33590
3.25036 2.53638 3.33630
3.25655 2.53283 3.33669
3.26274 2.52928 3.33708
3.26893 2.52574 3.33748
3.27511 2.52219 3.33787
3.28130 2.51864 3.33826
3.28749 2.51510 3.33866
3.29368 2.51155 3.33905
3.29986 2.50800 3.33944
3.30605 2.50446 3.33983
3.31224 2.50091 3.34023
3.31842 2.49736 3.34062
3.32461 2.49461 3.34101
3.33080 2.49236 3.34141
3.33699 2.49010 3.34180
3.34317 2.48785 3.34219
3.34936 2.48560 3.34259
3.35555 2.48334 3.34298
3.36173 2.48109 3.34337
3.36792 2.47883 3.34377
3.37411 2.47658 3.34416
3.38030 2.47433 3.34455
3.38648 2.47207 3.34495
3.39267 2.46982 3.34534
3.39886 2.46756 3.34573
3.40504 2.46531 3.34613
3.41123 2.46306 3.34652
3.41742 2.46080 3.34691
3.42361 2.45855 3.34731
3.42979 2.45629 3.34770
3.43598 2.45404 3.34809
3.44217 2.45179 3.34849
3.44836 2.44953 3.34888
3.45454 2.44728 3.35060
3.46073 2.44502 3.35820
3.46692 2.44277 3.36579
3.47310 2.44052 3.37338
3.47929 2.43826 3.38098
3.48548 2.43601 3.38857
3.49167 2.43400 3.39616
3.49785 2.43200 3.40376
3.50404 2.43000 3.41135
3.51023 2.42800 3.41894
3.51641 2.42599 3.42654
3.52260 2.42399 3.43413
3.52879 2.42199 3.44172
3.53498 2.41998 3.44932
3.54116 2.41798 3.45691
3.54735 2.41598 3.46451
3.55354 2.41398 3.47210
3.55973 2.41197 3.47969
3.56591 2.40997 3.48729
3.57210 2.40797 3.49488
3.57829 2.40596 3.50247
3.58447 2.40396 3.51007
3.59066 2.40196 3.51766
3.59685 2.39996 3.52525
3.60304 2.39795 3.53285
3.60922 2.39595 3.54044
3.61541 2.39395 3.54803
3.62160 2.39195 3.55563
3.62778 2.38994 3.56322
3.63397 2.38794 3.57290
3.64016 2.38594 3.58442
3.64635 2.38393 3.59595
3.65253 2.38193 3.60748
3.65872 2.37976 3.61901
3.66491 2.37305 3.63054
3.67109 2.36634 3.64206
3.67728 2.35963 3.65359
3.68347 2.35291 3.66512
3.68966 2.34620 3.67665
3.69584 2.33949 3.68818
3.70203 2.33278 3.69970
3.70822 2.32607 3.71123
3.71441 2.31935 3.72276
3.72059 2.31264 3.73429
3.72678 2.30593 3.74582
3.73297 2.29922 3.75734
3.73915 2.29251 3.76887
3.74534 2.28579 3.78040
3.75153 2.27908 3.79193
3.75772 2.27237 3.80346
3.76390 2.26566 3.81498
3.77009 2.25895 3.82651
3.77628 2.25223 3.83804
3.78246 2.24552 3.84957
3.78865 2.23881 3.86242
3.79484 2.23210 3.87579
3.80103 2.22539 3.88916
3.80721 2.21868 3.90253
3.81340 2.21196 3.91590
3.81959 2.20525 3.92927
3.82578 2.19854 3.94264
3.83196 2.19183 3.95602
3.83815 2.18512 3.96939
3.84434 2.17030 3.98276
3.85052 2.15176 3.99613
3.85671 2.13321 4.00950
3.86290 2.11466 4.02287
3.86909 2.09612 4.03624
3.87527 2.07757 4.04961
3.88146 2.05903 4.06298
3.88765 2.04048 4.07635
3.89383 2.02194 4.08972
3.90002 2.00339 4.10309
3.90621 1.98485 4.11646
3.91240 1.96630 4.12983
3.91858 1.94776 4.14320
3.92477 1.92921 4.15657
3.93096 1.91067 4.16994
3.93715 1.89212 4.18332
3.94333 1.87357 4.19669
3.94952 1.85503 4.21006
3.95571 1.83648 4.22343
3.96189 1.81794 4.23680
3.96808 1.79939 4.25017
3.97427 1.78085 4.26354
3.98046 1.76230 4.27533
3.98664 1.74376 4.28342
3.99283 1.72521 4.29151
3.99902 1.70667 4.29961
4.00520 1.68812 4.30770
4.01139 1.66957 4.31579
4.01758 1.65103 4.32389
4.02377 1.63248 4.33198
4.02995 1.61394 4.34007
4.03614 1.58989 4.34817
4.04233 1.56521 4.35626
4.04851 1.54052 4.36435
4.05470 1.51583 4.37245
4.06089 1.49115 4.38054
4.06708 1.46646 4.38863
4.07326 1.44177 4.39673
4.07945 1.41709 4.40482
4.08564 1.39240 4.41291
4.09183 1.36771 4.42100
4.09801 1.34302 4.42910
4.10420 1.31834 4.43719
4.11039 1.29365 4.44528
4.11657 1.26896 4.45338
4.12276 1.24428 4.46147
4.12895 1.21959 4.46956
4.13514 1.19490 4.47766
4.14132 1.17022 4.48575
4.14751 1.14553 4.49384
4.15370 1.12084 4.50194
4.15988 1.09615 4.51003
4.16607 1.07147 4.51812
4.17226 1.04678 4.52622
4.17845 1.02209 4.53431
4.18463 0.99741 4.54240
4.19082 0.97272 4.55050
4.19701 0.94803 4.54579
4.20320 0.92335 4.54092
4.20938 0.89866 4.53604
4.21557 0.87397 4.53117
4.22176 0.84928 4.52630
4.22794 0.82460 4.52142
4.23413 0.79787 4.51655
4.24032 0.76962 4.51168
4.24651 0.74136 4.50680
4.25269 0.71311 4.50193
4.25888 0.68485 4.49706
4.26507 0.65660 4.49218
4.27125 0.62835 4.48731
4.27744 0.60009 4.48244
4.28363 0.57184 4.47757
4.28982 0.54358 4.47269
4.29600 0.51533 4.46782
4.30219 0.48707 4.46295
4.30838 0.45882 4.45807
4.31456 0.43056 4.45320
4.32075 0.40231 4.44833
4.32694 0.37405 4.44345
4.33313 0.34580 4.43858
4.33931 0.31754 4.43371
4.34550 0.28929 4.42883
4.35169 0.26103 4.42396
4.35788 0.23278 4.41909
4.36406 0.20452 4.41358
4.37025 0.17627 4.39797
4.37644 0.14801 4.38235
4.38262 0.11976 4.36673
4.38881 0.09150 4.35111
4.39500 0.06325 4.33550
4.40119 0.03499 4.31988
4.40737 0.00674 4.30426
4.41356 -0.02152 4.28864
4.41975 -0.04977 4.27302
4.42593 -0.07803 4.25741
4.43212 -0.10628 4.24179
4.43831 -0.13454 4.22617
4.44450 -0.15779 4.21055
4.45068 -0.17809 4.19493
4.45687 -0.19840 4.17932
4.46306 -0.21870 4.16370
4.46925 -0.23901 4.14808
4.47543 -0.25932 4.13246
4.48162 -0.27962 4.11684
4.48781 -0.29993 4.10123
4.49399 -0.32023 4.08561
4.50018 -0.34054 4.06958
4.50637 -0.36084 4.04492
4.51256 -0.38115 4.02027
4.51874 -0.40146 3.99561
4.52493 -0.42176 3.97095
4.53112 -0.44207 3.94630
4.53730 -0.46237 3.92164
4.54349 -0.48268 3.89698
4.54968 -0.50298 3.87233
4.55587 -0.52329 3.84767
4.56205 -0.54360 3.82301
4.56824 -0.56390 3.79836
4.57443 -0.58421 3.77370
4.58061 -0.60451 3.74904
4.58680 -0.62482 3.72439
4.59299 -0.64512 3.69550
4.59918 -0.66543 3.66640
4.60536 -0.68574 3.63731
4.61155 -0.70604 3.60821
4.61774 -0.72635 3.57911
4.62393 -0.74665 3.55001
4.63011 -0.76696 3.52091
4.63630 -0.78726 3.49182
4.64249 -0.80757 3.46272
4.64867 -0.82788 3.43362
4.65486 -0.84818 3.40452
4.66105 -0.86806 3.37542
4.66724 -0.87071 3.34633
4.67342 -0.87336 3.31723
4.67961 -0.87601 3.28813
4.68580 -0.87866 3.25903
4.69198 -0.88130 3.22993
4.69817 -0.88395 3.20084
4.70436 -0.88660 3.17207
4.71055 -0.88925 3.14437
4.71673 -0.89190 3.11668
4.72292 -0.89455 3.08899
4.72911 -0.89719 3.06129
4.73530 -0.89984 3.03360
4.74148 -0.90249 3.00590
4.74767 -0.90514 2.97821
4.75386 -0.90779 2.95052
4.76004 -0.91044 2.92282
4.76623 -0.91308 2.89513
4.77242 -0.91573 2.86743
4.77861 -0.91838 2.83974
4.78479 -0.92103 2.81204
4.79098 -0.92368 2.78435
4.79717 -0.92632 2.75666
4.80335 -0.92897 2.72903
4.80954 -0.93162 2.70306
4.81573 -0.93427 2.67710
4.82192 -0.93692 2.65113
4.82810 -0.93957 2.62516
4.83429 -0.94221 2.59919
4.84048 -0.94486 2.57323
4.84666 -0.94751 2.54726
4.85285 -0.95016 2.52129
4.85904 -0.95281 2.49532
4.86523 -0.95545 2.46936
4.87141 -0.95810 2.44339
4.87760 -0.96075 2.41742
4.88379 -0.96340 2.39145
4.88998 -0.96605 2.36549
4.89616 -0.96130 2.33956
4.90235 -0.95241 2.31502
4.90854 -0.94352 2.29049
4.91472 -0.93462 2.26596
4.92091 -0.92573 2.24143
4.92710 -0.91684 2.21690
4.93329 -0.90794 2.19237
4.93947 -0.89905 2.16784
4.94566 -0.89016 2.14331
4.95185 -0.88126 2.11878
4.95803 -0.87237 2.09425
4.96422 -0.86348 2.06972
4.97041 -0.85458 2.04780
4.97660 -0.84569 2.02775
4.98278 -0.83680 2.00770
4.98897 -0.82790 1.98764
4.99516 -0.81901 1.96759
5.00135 -0.81012 1.94754
5.00753 -0.80122 1.92749
5.01372 -0.79233 1.90743
5.01991 -0.78343 1.88738
5.02609 -0.77454 1.86733
5.03228 -0.76565 1.84727
5.03847 -0.75675 1.82722
5.04466 -0.74786 1.80717
5.05084 -0.73897 1.78712
5.05703 -0.73007 1.76734
5.06322 -0.72118 1.74772
5.06940 -0.71229 1.72811
5.07559 -0.70339 1.70849
5.08178 -0.69450 1.68888
5.08797 -0.68561 1.66926
5.09415 -0.67671 1.64964
5.10034 -0.66782 1.63003
5.10653 -0.65893 1.61041
5.11271 -0.65003 1.59079
5.11890 -0.64114 1.57118
5.12509 -0.63225 1.55156
5.13128 -0.62335 1.53195
5.13746 -0.61313 1.51233
5.14365 -0.60089 1.49271
5.14984 -0.58865 1.47697
5.15603 -0.57641 1.46329
5.16221 -0.56417 1.44961
5.16840 -0.55193 1.43593
5.17459 -0.53970 1.42225
5.18077 -0.52746 1.40857
5.18696 -0.51522 1.39489
5.19315 -0.50298 1.38121
5.19934 -0.49074 1.36753
5.20552 -0.47850 1.35385
5.21171 -0.46627 1.34017
5.21790 -0.45403 1.32649
5.22408 -0.44179 1.31281
5.23027 -0.42955 1.29913
5.23646 -0.41731 1.28545
5.24265 -0.40507 1.27177
5.24883 -0.39283 1.26114
5.25502 -0.38060 1.25280
5.26121 -0.36836 1.24446
5.26740 -0.35612 1.23613
5.27358 -0.34388 1.22779
5.27977 -0.33164 1.21945
5.28596 -0.31940 1.21112
5.29214 -0.30717 1.20278
5.29833 -0.29493 1.19444
5.30452 -0.28269 1.18611
5.31071 -0.27045 1.17777
5.31689 -0.25821 1.16943
5.32308 -0.24597 1.16110
5.32927 -0.23373 1.15276
5.33545 -0.22150 1.14442
5.34164 -0.20926 1.13609
5.34783 -0.19702 1.12775
5.35402 -0.18478 1.11941
5.36020 -0.17254 1.11107
5.36639 -0.16030 1.10274
5.37258 -0.14807 1.09440
5.37876 -0.13583 1.08606
5.38495 -0.12359 1.07773
5.39114 -0.11180 1.06939
5.39733 -0.10162 1.06105
5.40351 -0.09143 1.05272
5.40970 -0.08125 1.04931
5.41589 -0.07107 1.04598
5.42208 -0.06089 1.04264
5.42826 -0.05071 1.03931
5.43445 -0.04053 1.03597
5.44064 -0.03035 1.03264
5.44682 -0.02017 1.02930
5.45301 -0.00999 1.02597
5.45920 0.00019 1.02263
5.46539 0.01037 1.01930
5.47157 0.02056 1.01596
5.47776 0.03074 1.01263
5.48395 0.04092 1.00929
5.49013 0.05110 1.00596
5.49632 0.06128 1.00262
5.50251 0.07146 0.99929
5.50870 0.08164 0.99595
5.51488 0.09182 0.99262
5.52107 0.10200 0.98928
5.52726 0.11218 0.98595
5.53345 0.12236 0.98261
5.53963 0.13255 0.97928
5.54582 0.14273 0.97594
5.55201 0.15291 0.97261
5.55819 0.16309 0.96927
5.56438 0.17327 0.96594
5.57057 0.18345 0.96260
5.57676 0.19363 0.95927
5.58294 0.20381 0.95593
5.58913 0.21399 0.95260
5.59532 0.22417 0.94927
5.60150 0.23435 0.94593
5.60769 0.24454 0.94260
5.61388 0.25472 0.93926
5.62007 0.26490 0.93593
5.62625 0.27508 0.93259
5.63244 0.28526 0.92926
5.63863 0.29544 0.92592
5.64482 0.30562 0.92259
5.65100 0.31580 0.91925
5.65719 0.32598 0.91592
5.66338 0.33047 0.91401
5.66956 0.33494 0.91248
5.67575 0.33941 0.91095
5.68194 0.34388 0.90942
5.68813 0.34836 0.90789
5.69431 0.35283 0.90637
5.70050 0.35730 0.90484
5.70669 0.36178 0.90331
5.71287 0.36625 0.90178
5.71906 0.37072 0.90025
5.72525 0.37519 0.89873
5.73144 0.37967 0.89720
5.73762 0.38414 0.89567
5.74381 0.38861 0.89414
5.75000 0.39309 0.89261
5.75618 0.39756 0.89109
5.76237 0.40203 0.88956
5.76856 0.40651 0.88803
5.77475 0.41098 0.88650
5.78093 0.41545 0.88497
5.78712 0.41992 0.88345
5.79331 0.42440 0.88192
5.79950 0.42887 0.88039
5.80568 0.43334 0.87886
5.81187 0.43782 0.87733
5.81806 0.44229 0.87635
5.82424 0.44676 0.87546
5.83043 0.45123 0.87458
5.83662 0.45571 0.87370
5.84281 0.46018 0.87282
5.84899 0.46465 0.87194
5.85518 0.46913 0.87106
5.86137 0.47360 0.87017
5.86755 0.47807 0.86929
5.87374 0.48255 0.86841
5.87993 0.48702 0.86753
5.88612 0.49149 0.86665
5.89230 0.49596 0.86577
5.89849 0.50044 0.86488
5.90468 0.50491 0.86400
5.91087 0.50938 0.86312
5.91705 0.51386 0.86224
5.92324 0.51833 0.86136
5.92943 0.52280 0.86048
5.93561 0.52728 0.85960
5.94180 0.52975 0.85871
5.94799 0.53097 0.85783
5.95418 0.53218 0.85695
5.96036 0.53340 0.85607
5.96655 0.53462 0.85519
5.97274 0.53584 0.85431
5.97892 0.53706 0.85342
5.98511 0.53828 0.85254
5.99130 0.53949 0.85166
5.99749 0.54071 0.85078
6.00367 0.54193 0.84990
6.00986 0.54315 0.84902
6.01605 0.54437 0.84814
6.02223 0.54558 0.84725
6.02842 0.54680 0.84637
6.03461 0.54802 0.84549
6.04080 0.54924 0.84461
6.04698 0.55046 0.84373
6.05317 0.55167 0.84285
6.05936 0.55289 0.84196
6.06555 0.55411 0.84108
6.07173 0.55533 0.84020
6.07792 0.55655 0.83932
6.08411 0.55777 0.83844
6.09029 0.55898 0.83756
6.09648 0.56020 0.83668
6.10267 0.56142 0.83579
6.10886 0.56264 0.83491
6.11504 0.56386 0.83403
6.12123 0.56507 0.83285
6.12742 0.56629 0.83155
6.13360 0.56751 0.83025
6.13979 0.56873 0.82894
6.14598 0.56995 0.82764
6.15217 0.57116 0.82634
6.15835 0.57238 0.82504
6.16454 0.57360 0.82374
6.17073 0.57482 0.82244
6.17692 0.57604 0.82114
6.18310 0.57726 0.81984
6.18929 0.57847 0.81854
6.19548 0.57969 0.81723
6.20166 0.58091 0.81593
6.20785 0.58213 0.81463
6.21404 0.58335 0.81333
6.22023 0.58456 0.81203
6.22641 0.58578 0.81073
6.23260 0.58700 0.80943
